Year;Month;Day;Hour;Minute;Temperature  [2 m above gnd];Total Precipitation (high resolution)  [sfc];Wind Speed  [10 m above gnd];Wind Direction  [10 m above gnd]
2019;02;06;00;00;24.35;0.00;12.73;81.87
2019;02;06;01;00;22.92;0.00;10.37;69.68
2019;02;06;02;00;21.73;0.00;8.09;57.72
2019;02;06;03;00;20.87;0.00;6.88;47.12
2019;02;06;04;00;20.24;0.00;6.62;45.00
2019;02;06;05;00;19.85;0.00;6.19;35.54
2019;02;06;06;00;19.57;0.00;6.49;33.69
2019;02;06;07;00;20.88;0.00;6.19;35.54
2019;02;06;08;00;23.20;0.00;8.71;51.71
2019;02;06;09;00;25.56;0.00;10.69;57.38
2019;02;06;10;00;27.87;0.00;12.10;67.25
2019;02;06;11;00;29.81;0.00;14.24;73.86
2019;02;06;12;00;31.25;0.00;15.54;76.61
2019;02;06;13;00;32.30;0.00;15.54;76.61
2019;02;06;14;00;32.89;0.00;15.11;77.62
2019;02;06;15;00;33.08;0.00;14.56;81.47
2019;02;06;16;00;32.79;0.00;14.08;85.60
2019;02;06;17;00;32.11;0.00;13.14;99.46
2019;02;06;18;00;29.76;0.00;9.11;108.43
2019;02;06;19;00;29.11;0.00;8.59;123.02
2019;02;06;20;00;28.80;0.00;9.29;144.46
2019;02;06;21;00;26.27;0.00;10.25;161.57
2019;02;06;22;00;24.39;0.00;9.51;150.52
2019;02;06;23;00;23.70;0.00;7.42;129.09
2019;02;07;00;00;23.49;0.00;6.29;103.24
2019;02;07;01;00;23.19;0.00;6.15;69.44
2019;02;07;02;00;22.36;0.00;7.13;45.00
2019;02;07;03;00;21.63;0.00;7.49;35.22
2019;02;07;04;00;20.91;0.00;7.59;31.43
2019;02;07;05;00;20.26;0.00;8.09;32.28
2019;02;07;06;00;19.68;0.00;8.22;28.81
2019;02;07;07;00;21.28;0.00;8.71;29.74
2019;02;07;08;00;23.43;0.00;10.46;49.18
2019;02;07;09;00;25.77;0.00;10.19;57.99
2019;02;07;10;00;28.10;0.00;10.97;66.80
2019;02;07;11;00;30.11;0.00;11.87;75.96
2019;02;07;12;00;31.63;0.00;12.78;80.27
2019;02;07;13;00;32.74;0.00;12.73;81.87
2019;02;07;14;00;33.42;0.00;12.26;86.63
2019;02;07;15;00;33.68;0.00;11.52;90.00
2019;02;07;16;00;33.49;0.00;11.21;95.53
2019;02;07;17;00;32.91;0.00;12.02;98.62
2019;02;07;18;00;30.61;0.00;8.91;104.04
2019;02;07;19;00;29.87;0.00;8.09;122.28
2019;02;07;20;00;27.36;0.00;8.47;167.74
2019;02;07;21;00;24.59;0.00;11.44;192.72
2019;02;07;22;00;23.23;0.00;9.75;184.24
2019;02;07;23;00;22.67;0.00;6.16;173.29
2019;02;08;00;00;22.76;0.00;3.71;150.95
2019;02;08;01;00;22.79;0.00;2.52;90.00
2019;02;08;02;00;22.86;0.00;4.33;41.63
2019;02;08;03;00;22.78;0.00;5.62;39.81
2019;02;08;04;00;22.91;0.00;6.62;45.00
2019;02;08;05;00;22.69;0.00;7.93;50.53
2019;02;08;06;00;22.26;0.00;8.44;50.19
2019;02;08;07;00;22.45;0.00;9.16;45.00
2019;02;08;08;00;23.28;0.00;9.69;41.99
2019;02;08;09;00;25.32;0.00;10.20;47.86
2019;02;08;10;00;27.40;0.00;9.18;48.18
2019;02;08;11;00;29.64;0.00;7.99;54.16
2019;02;08;12;00;31.48;0.00;7.09;66.04
2019;02;08;13;00;32.92;0.00;6.57;80.54
2019;02;08;14;00;33.85;0.00;6.49;93.18
2019;02;08;15;00;34.25;0.00;6.38;106.39
2019;02;08;16;00;34.11;0.00;6.92;117.90
2019;02;08;17;00;33.26;0.00;7.90;136.85
2019;02;08;18;00;31.37;0.00;6.95;158.75
2019;02;08;19;00;29.28;0.00;9.11;189.09
2019;02;08;20;00;26.68;0.00;13.36;207.26
2019;02;08;21;00;25.68;0.00;12.78;212.35
2019;02;08;22;00;24.76;0.00;11.38;214.70
2019;02;08;23;00;23.80;0.00;10.00;210.26
2019;02;09;00;00;22.93;0.00;8.23;203.20
2019;02;09;01;00;22.20;0.00;6.29;203.63
2019;02;09;02;00;21.67;0.00;3.40;212.01
2019;02;09;03;00;21.53;0.00;0.36;270.00
2019;02;09;04;00;21.22;0.00;3.32;12.53
2019;02;09;05;00;20.97;0.00;5.59;14.93
2019;02;09;06;00;21.37;0.00;7.75;21.80
2019;02;09;07;00;22.71;0.00;9.83;23.75
2019;02;09;08;00;24.09;0.00;11.27;26.57
2019;02;09;09;00;26.25;0.00;10.63;28.30
2019;02;09;10;00;28.39;0.00;8.79;34.99
2019;02;09;11;00;30.33;0.00;6.11;45.00
2019;02;09;12;00;31.71;0.00;5.12;50.71
2019;02;09;13;00;32.77;0.00;4.20;59.04
2019;02;09;14;00;33.46;0.00;3.42;71.57
2019;02;09;15;00;33.62;0.00;3.26;83.66
2019;02;09;16;00;33.30;0.00;2.97;104.04
2019;02;09;17;00;30.62;0.60;5.77;93.58
2019;02;09;18;00;29.86;0.90;4.45;104.04
2019;02;09;19;00;29.69;1.20;5.00;120.26
2019;02;09;20;00;28.88;0.20;6.62;135.00
2019;02;09;21;00;27.62;0.20;10.74;140.44
2019;02;09;22;00;25.34;0.00;10.69;147.38
2019;02;09;23;00;24.35;0.00;7.10;149.53
2019;02;10;00;00;23.99;0.00;4.55;108.43
2019;02;10;01;00;23.63;0.00;5.62;50.19
2019;02;10;02;00;22.95;0.00;7.59;31.43
2019;02;10;03;00;22.40;0.00;9.09;33.69
2019;02;10;04;00;21.99;0.00;9.73;38.99
2019;02;10;05;00;22.70;0.00;10.44;46.40
2019;02;10;06;00;22.49;0.00;11.25;39.81
2019;02;10;07;00;22.63;0.00;12.89;35.91
2019;02;10;08;00;23.56;0.00;13.51;41.76
2019;02;10;09;00;24.41;0.00;13.76;47.12
2019;02;10;10;00;26.33;0.00;11.59;53.84
2019;02;10;11;00;28.48;0.00;11.75;62.65
2019;02;10;12;00;30.55;0.00;12.25;65.70
2019;02;10;13;00;32.01;0.00;13.10;74.05
2019;02;10;14;00;32.83;0.00;13.04;83.66
2019;02;10;15;00;33.12;0.00;13.68;90.00
2019;02;10;16;00;31.69;0.00;13.76;96.01
2019;02;10;17;00;31.87;0.00;12.07;79.70
2019;02;10;18;00;29.91;0.00;8.31;72.35
2019;02;10;19;00;29.19;0.00;7.79;56.31
2019;02;10;20;00;28.71;0.00;7.59;58.57
2019;02;10;21;00;28.48;0.00;8.05;79.70
2019;02;10;22;00;28.00;0.00;18.43;102.41
2019;02;10;23;00;26.55;0.00;20.52;105.26
2019;02;11;00;00;25.17;0.00;18.42;94.48
2019;02;11;01;00;24.11;0.00;16.66;83.80
2019;02;11;02;00;23.52;0.00;15.11;77.62
2019;02;11;03;00;22.80;0.00;13.21;72.55
2019;02;11;04;00;22.49;0.00;11.27;63.43
2019;02;11;05;00;22.25;0.00;12.29;58.17
2019;02;11;06;00;22.08;0.00;12.54;50.83
2019;02;11;07;00;22.67;0.00;14.00;43.96
2019;02;11;08;00;24.34;0.00;15.31;48.81
2019;02;11;09;00;26.07;0.00;16.49;58.39
2019;02;11;10;00;27.86;0.00;17.71;63.43
2019;02;11;11;00;29.43;0.00;18.12;69.04
2019;02;11;12;00;30.93;0.00;19.35;71.57
2019;02;11;13;00;31.90;0.00;19.59;72.90
2019;02;11;14;00;32.48;0.00;20.78;75.96
2019;02;11;15;00;32.63;0.00;20.55;78.89
2019;02;11;16;00;32.47;0.00;20.36;81.87
2019;02;11;17;00;31.67;0.00;19.35;80.36
2019;02;11;18;00;29.87;0.00;14.80;85.82
2019;02;11;19;00;28.36;0.00;14.04;90.00
2019;02;11;20;00;27.58;0.00;20.16;91.02
2019;02;11;21;00;26.61;0.00;23.04;89.10
2019;02;11;22;00;25.17;0.00;21.39;83.23
2019;02;11;23;00;23.71;0.00;16.95;77.74
2019;02;12;00;00;22.38;0.00;12.77;68.50
2019;02;12;01;00;21.21;0.00;9.50;52.70
2019;02;12;02;00;20.42;0.00;8.59;33.02
2019;02;12;03;00;19.90;0.00;8.56;22.25
2019;02;12;04;00;19.44;0.00;8.77;19.18
2019;02;12;05;00;18.93;0.00;8.31;17.65
2019;02;12;06;00;18.54;0.00;7.97;18.43
2019;02;12;07;00;20.35;0.00;8.37;25.46
2019;02;12;08;00;22.94;0.00;13.00;48.37
2019;02;12;09;00;24.94;0.00;17.37;55.98
2019;02;12;10;00;26.87;0.00;18.40;59.42
2019;02;12;11;00;28.69;0.00;19.16;61.99
2019;02;12;12;00;30.31;0.00;21.33;68.20
2019;02;12;13;00;31.30;0.00;23.11;71.85
2019;02;12;14;00;31.86;0.00;24.19;75.34
2019;02;12;15;00;32.09;0.00;24.29;78.02
2019;02;12;16;00;31.98;0.00;24.15;79.70
2019;02;12;17;00;31.81;0.00;23.80;79.54
2019;02;12;18;00;29.77;0.00;18.81;84.51
2019;02;12;19;00;28.48;0.00;20.16;91.02
2019;02;12;20;00;27.22;0.00;24.48;90.84
2019;02;12;21;00;25.74;0.00;23.11;85.53
2019;02;12;22;00;24.44;0.00;19.77;79.51
2019;02;12;23;00;23.15;0.00;14.69;72.90
2019;02;13;00;00;21.92;0.00;10.64;66.04
2019;02;13;01;00;20.85;0.00;8.21;52.13
2019;02;13;02;00;20.20;0.00;7.70;37.41
2019;02;13;03;00;19.72;0.00;7.24;26.57
2019;02;13;04;00;19.26;0.00;7.29;20.22
2019;02;13;05;00;18.81;0.00;7.34;11.31
2019;02;13;06;00;18.50;0.00;7.64;8.13
2019;02;13;07;00;20.46;0.00;7.70;10.78
2019;02;13;08;00;23.34;0.00;11.09;35.75
2019;02;13;09;00;25.63;0.00;14.34;51.12
2019;02;13;10;00;27.82;0.00;16.49;58.39
2019;02;13;11;00;29.66;0.00;18.36;64.44
2019;02;13;12;00;31.13;0.00;19.26;69.19
2019;02;13;13;00;32.08;0.00;20.38;72.53
2019;02;13;14;00;32.61;0.00;20.43;75.72
2019;02;13;15;00;32.76;0.00;20.27;77.69
2019;02;13;16;00;32.52;0.00;19.77;79.51
2019;02;13;17;00;31.55;0.00;19.13;85.68
2019;02;13;18;00;29.40;0.00;14.40;88.57
2019;02;13;19;00;27.66;0.00;11.89;91.74
2019;02;13;20;00;26.57;0.00;12.60;90.00
2019;02;13;21;00;25.83;0.00;16.92;91.22
2019;02;13;22;00;24.91;0.00;18.00;91.15
2019;02;13;23;00;23.43;0.00;13.34;86.91
2019;02;14;00;00;21.98;0.00;9.00;73.74
2019;02;14;01;00;21.17;0.00;7.42;50.91
2019;02;14;02;00;20.70;0.00;7.09;23.96
2019;02;14;03;00;20.25;0.00;7.95;5.19
2019;02;14;04;00;19.86;0.00;8.28;360.00
2019;02;14;05;00;19.49;0.00;8.65;357.61
2019;02;14;06;00;19.19;0.00;8.29;357.51
2019;02;14;07;00;21.08;0.00;8.64;360.00
2019;02;14;08;00;23.90;0.00;9.29;35.54
2019;02;14;09;00;26.37;0.00;11.59;53.84
2019;02;14;10;00;28.15;0.00;14.18;66.04
2019;02;14;11;00;29.91;0.00;14.92;70.25
2019;02;14;12;00;31.33;0.00;14.93;74.62
2019;02;14;13;00;32.37;0.00;15.39;79.22
2019;02;14;14;00;32.98;0.00;15.19;84.56
2019;02;14;15;00;33.14;0.00;15.12;90.00
2019;02;14;16;00;32.76;0.00;15.48;91.33
2019;02;14;17;00;32.33;0.00;15.39;100.78
2019;02;14;18;00;30.12;0.00;12.85;101.31
2019;02;14;19;00;28.75;0.00;11.09;103.13
2019;02;14;20;00;27.74;0.00;11.73;107.88
2019;02;14;21;00;26.89;0.00;11.44;114.15
2019;02;14;22;00;26.17;0.00;9.18;115.56
2019;02;14;23;00;25.44;0.00;9.57;109.80
2019;02;15;00;00;24.68;0.00;10.90;97.59
2019;02;15;01;00;23.76;0.00;10.82;86.19
2019;02;15;02;00;23.90;0.00;10.70;70.35
2019;02;15;03;00;22.60;0.00;9.03;66.50
2019;02;15;04;00;21.55;0.00;7.70;52.59
2019;02;15;05;00;21.09;0.00;7.93;39.47
2019;02;15;06;00;20.65;0.00;7.99;35.84
2019;02;15;07;00;22.40;0.00;8.65;45.00
2019;02;15;08;00;24.61;0.00;11.59;64.23
2019;02;15;09;00;26.46;0.00;12.18;71.03
2019;02;15;10;00;28.32;0.00;12.41;73.14
2019;02;15;11;00;29.98;0.00;12.85;78.69
2019;02;15;12;00;31.48;0.00;12.37;81.63
2019;02;15;13;00;32.36;0.00;11.30;80.84
2019;02;15;14;00;32.92;0.00;9.78;83.66
2019;02;15;15;00;33.18;0.00;9.00;90.00
2019;02;15;16;00;33.04;0.00;8.67;94.76
2019;02;15;17;00;32.51;0.00;7.63;109.29
2019;02;15;18;00;30.78;0.00;6.62;112.38
2019;02;15;19;00;30.02;0.00;7.29;122.91
2019;02;15;20;00;28.67;0.00;8.05;153.43
2019;02;15;21;00;26.19;0.00;9.73;182.12
2019;02;15;22;00;24.04;0.00;10.59;189.78
2019;02;15;23;00;23.04;0.00;7.56;180.00
2019;02;16;00;00;22.34;0.00;5.15;155.22
2019;02;16;01;00;21.95;0.00;4.35;114.44
2019;02;16;02;00;22.01;0.00;5.15;77.91
2019;02;16;03;00;22.13;0.00;5.50;58.39
2019;02;16;04;00;22.00;0.00;5.60;45.00
2019;02;16;05;00;21.59;0.00;6.70;36.25
2019;02;16;06;00;21.11;0.00;6.61;29.36
2019;02;16;07;00;22.94;0.00;9.00;36.87
2019;02;16;08;00;24.16;0.00;9.45;40.36
2019;02;16;09;00;26.00;0.00;8.91;46.64
2019;02;16;10;00;28.38;0.00;7.93;50.53
2019;02;16;11;00;30.45;0.00;6.30;59.04
2019;02;16;12;00;32.14;0.00;5.24;74.05
2019;02;16;13;00;33.35;0.00;2.97;75.96
2019;02;16;14;00;34.01;0.00;0.80;116.57
2019;02;16;15;00;34.32;0.00;2.16;180.00
2019;02;16;16;00;34.13;0.00;4.21;199.98
2019;02;16;17;00;33.18;0.00;5.99;212.74
2019;02;16;18;00;31.19;0.00;6.99;214.51
2019;02;16;19;00;29.24;0.00;13.39;216.25
2019;02;16;20;00;27.08;0.00;16.56;222.36
2019;02;16;21;00;26.24;0.00;14.53;228.01
2019;02;16;22;00;25.14;0.00;13.55;230.39
2019;02;16;23;00;24.23;0.00;13.00;228.37
2019;02;17;00;00;23.43;0.00;11.97;226.22
2019;02;17;01;00;22.73;0.00;10.69;225.00
2019;02;17;02;00;22.09;0.00;9.16;225.00
2019;02;17;03;00;21.52;0.00;7.29;237.09
2019;02;17;04;00;21.17;0.00;4.90;252.90
2019;02;17;05;00;21.21;0.00;3.60;270.00
2019;02;17;06;00;21.25;0.00;2.74;293.20
2019;02;17;07;00;22.61;0.00;2.28;288.43
2019;02;17;08;00;25.48;0.00;5.41;3.81
2019;02;17;09;00;27.69;0.00;5.32;28.30
2019;02;17;10;00;29.86;0.00;3.10;54.46
2019;02;17;11;00;31.54;0.00;0.36;90.00
2019;02;17;12;00;32.92;0.00;1.30;213.69
2019;02;17;13;00;33.89;0.00;3.83;228.81
2019;02;17;14;00;34.47;0.00;6.92;231.34
2019;02;17;15;00;34.56;0.00;10.44;226.40
2019;02;17;16;00;34.09;0.00;14.02;221.88
2019;02;17;17;00;32.90;0.00;17.58;222.51
2019;02;17;18;00;29.96;0.00;21.44;220.91
2019;02;17;19;00;27.82;0.00;21.39;223.64
2019;02;17;20;00;26.27;0.00;18.84;225.00
2019;02;17;21;00;25.11;0.00;16.81;226.74
2019;02;17;22;00;24.11;0.00;14.80;228.95
2019;02;17;23;00;23.15;0.00;13.00;228.37
2019;02;18;00;00;22.32;0.00;11.20;225.00
2019;02;18;01;00;21.63;0.00;9.69;221.99
2019;02;18;02;00;21.02;0.00;7.65;221.19
2019;02;18;03;00;20.51;0.00;6.37;227.29
2019;02;18;04;00;20.37;0.00;5.90;232.43
2019;02;18;05;00;20.44;0.00;5.32;241.70
2019;02;18;06;00;20.44;0.00;5.48;246.80
2019;02;18;07;00;22.03;0.00;5.63;243.43
2019;02;18;08;00;25.47;0.00;2.55;278.13
2019;02;18;09;00;27.83;0.00;1.08;360.00
2019;02;18;10;00;30.13;0.00;0.36;360.00
2019;02;18;11;00;31.93;0.00;0.36;180.00
2019;02;18;12;00;33.33;0.00;3.42;198.43
2019;02;18;13;00;34.16;0.00;6.29;203.63
2019;02;18;14;00;34.54;0.00;9.51;209.48
2019;02;18;15;00;34.48;0.00;12.18;214.16
2019;02;18;16;00;33.88;0.00;15.88;212.97
2019;02;18;17;00;33.21;0.00;17.88;220.10
2019;02;18;18;00;30.47;0.00;20.63;222.88
2019;02;18;19;00;28.23;0.00;19.09;225.76
2019;02;18;20;00;26.67;0.00;15.86;230.53
2019;02;18;21;00;25.19;0.00;12.98;223.88
2019;02;18;22;00;23.83;0.00;12.18;214.16
2019;02;18;23;00;22.68;0.00;11.44;208.18
2019;02;19;00;00;21.71;0.00;10.14;207.47
2019;02;19;01;00;20.85;0.00;8.05;206.57
2019;02;19;02;00;20.23;0.00;5.40;216.87
2019;02;19;03;00;20.30;0.00;2.90;240.26
2019;02;19;04;00;20.47;0.00;2.31;308.66
2019;02;19;05;00;20.26;0.00;4.83;333.43
2019;02;19;06;00;20.35;0.00;5.63;333.43
2019;02;19;07;00;22.04;0.00;6.03;342.65
2019;02;19;08;00;25.14;0.00;9.45;17.74
2019;02;19;09;00;27.71;0.00;10.20;42.14
2019;02;19;10;00;29.70;0.00;10.74;50.44
2019;02;19;11;00;31.69;0.00;11.17;69.23
2019;02;19;12;00;33.23;0.00;12.32;83.29
2019;02;19;13;00;34.13;0.00;12.98;86.82
2019;02;19;14;00;34.73;0.00;13.70;86.99
2019;02;19;15;00;35.06;0.00;14.06;87.06
2019;02;19;16;00;34.66;0.00;15.12;90.00
2019;02;19;17;00;32.90;0.00;12.96;90.00
2019;02;19;18;00;30.96;0.00;10.81;91.91
2019;02;19;19;00;29.66;0.00;9.37;92.20
2019;02;19;20;00;29.81;0.00;11.97;105.71
2019;02;19;21;00;29.33;0.00;11.61;119.74
2019;02;19;22;00;27.19;0.00;8.50;126.38
2019;02;19;23;00;26.19;0.00;8.37;115.46
2019;02;20;00;00;26.41;0.00;12.07;100.30
2019;02;20;01;00;25.87;0.00;14.40;90.00
2019;02;20;02;00;24.84;0.00;14.33;78.41
2019;02;20;03;00;24.13;0.00;13.90;73.44
2019;02;20;04;00;23.65;0.00;14.12;70.64
2019;02;20;05;00;23.27;0.00;14.04;67.38
2019;02;20;06;00;23.44;0.00;10.23;50.71
2019;02;20;07;00;24.37;0.00;13.85;62.10
2019;02;20;08;00;25.94;0.00;15.03;73.30
2019;02;20;09;00;27.87;0.00;17.30;77.99
2019;02;20;10;00;29.54;0.00;18.78;77.83
2019;02;20;11;00;30.92;0.00;19.60;82.61
2019;02;20;12;00;32.17;0.00;20.21;85.91
2019;02;20;13;00;33.13;0.00;21.29;86.12
2019;02;20;14;00;33.57;0.00;21.63;87.14
2019;02;20;15;00;33.71;0.00;21.24;90.00
2019;02;20;16;00;33.39;0.00;20.16;90.00
2019;02;20;17;00;32.70;0.00;19.09;87.84
2019;02;20;18;00;30.73;0.00;13.32;90.00
2019;02;20;19;00;29.26;0.00;11.90;93.47
2019;02;20;20;00;28.45;0.00;19.35;99.64
2019;02;20;21;00;27.32;0.00;18.89;97.67
2019;02;20;22;00;25.94;0.00;16.22;92.54
2019;02;20;23;00;24.54;0.00;12.26;86.63
2019;02;23;00;00;21.10;0.00;9.42;46.55
2019;02;23;01;00;20.46;0.00;9.51;29.48
2019;02;23;02;00;19.90;0.00;9.69;21.80
2019;02;23;03;00;19.39;0.00;9.26;13.50
2019;02;23;04;00;19.08;0.00;9.06;6.84
2019;02;23;05;00;18.96;0.00;8.65;2.39
2019;02;23;06;00;18.93;0.00;8.29;2.49
2019;02;23;07;00;20.52;0.00;7.20;360.00
2019;02;23;08;00;23.31;0.00;7.20;36.87
2019;02;23;09;00;26.50;0.00;9.96;49.40
2019;02;23;10;00;29.37;0.00;13.89;58.78
2019;02;23;11;00;31.51;0.00;17.25;66.64
2019;02;23;12;00;33.16;0.00;19.93;73.20
2019;02;23;13;00;34.34;0.00;21.67;78.50
2019;02;23;14;00;34.97;0.00;22.96;80.98
2019;02;23;15;00;35.09;0.00;23.02;80.10
2019;02;23;16;00;34.78;0.00;21.84;81.47
2019;02;23;17;00;34.09;0.00;23.04;89.10
2019;02;23;18;00;31.03;0.00;17.31;93.58
2019;02;23;19;00;28.38;0.00;13.04;96.34
2019;02;23;20;00;26.64;0.00;12.25;91.68
2019;02;23;21;00;25.23;0.00;12.61;88.36
2019;02;23;22;00;23.91;0.00;10.95;80.54
2019;02;23;23;00;23.00;0.00;9.02;61.39
2019;02;24;00;00;22.25;0.00;8.59;33.02
2019;02;24;01;00;21.60;0.00;9.26;13.50
2019;02;24;02;00;21.15;0.00;9.11;9.09
2019;02;24;03;00;20.68;0.00;9.03;4.57
2019;02;24;04;00;20.40;0.00;8.67;4.76
2019;02;24;05;00;20.11;0.00;8.35;7.43
2019;02;24;06;00;19.46;0.00;7.99;7.77
2019;02;24;07;00;20.83;0.00;7.64;8.13
2019;02;24;08;00;23.17;0.00;7.99;35.84
2019;02;24;09;00;26.15;0.00;8.67;41.63
2019;02;24;10;00;29.18;0.00;10.01;52.31
2019;02;24;11;00;31.48;0.00;12.57;66.37
2019;02;24;12;00;33.26;0.00;14.69;72.90
2019;02;24;13;00;34.32;0.00;17.58;79.38
2019;02;24;14;00;34.93;0.00;18.18;82.03
2019;02;24;15;00;35.09;0.00;18.78;85.60
2019;02;24;16;00;34.72;0.00;19.09;87.84
2019;02;24;17;00;34.09;0.00;19.47;86.82
2019;02;24;18;00;30.87;0.00;12.65;94.90
2019;02;24;19;00;29.04;0.00;11.28;106.70
2019;02;24;20;00;27.38;0.00;10.48;105.95
2019;02;24;21;00;26.02;0.00;10.54;97.85
2019;02;24;22;00;24.69;0.00;11.53;88.21
2019;02;24;23;00;23.34;0.00;9.96;77.47
2019;02;25;00;00;22.36;0.00;8.67;48.37
2019;02;25;01;00;21.66;0.00;9.23;20.56
2019;02;25;02;00;21.16;0.00;9.00;16.26
2019;02;25;03;00;20.63;0.00;8.43;19.98
2019;02;25;04;00;20.34;0.00;7.41;29.05
2019;02;25;05;00;19.58;0.00;6.99;34.51
2019;02;25;06;00;18.87;0.00;6.79;32.01
2019;02;25;07;00;20.17;0.00;5.80;29.74
2019;02;25;08;00;22.78;0.00;6.79;57.99
2019;02;25;09;00;25.18;0.00;6.92;62.10
2019;02;25;10;00;27.97;0.00;7.73;62.24
2019;02;25;11;00;30.87;0.00;8.70;65.56
2019;02;25;12;00;33.14;0.00;9.79;72.90
2019;02;25;13;00;34.59;0.00;10.74;76.43
2019;02;25;14;00;35.41;0.00;11.37;79.05
2019;02;25;15;00;35.68;0.00;10.90;82.41
2019;02;25;16;00;35.39;0.00;10.81;88.09
2019;02;25;17;00;34.83;0.00;12.14;101.98
2019;02;25;18;00;32.23;0.00;8.89;121.76
2019;02;25;19;00;28.22;0.00;10.81;178.09
2019;02;25;20;00;24.16;0.00;15.98;202.52
2019;02;25;21;00;23.79;0.00;14.65;207.82
2019;02;25;22;00;23.15;0.00;11.61;209.74
2019;02;25;23;00;22.40;0.00;9.20;210.58
2019;02;26;00;00;21.73;0.00;7.79;213.69
2019;02;26;01;00;21.54;0.00;5.86;222.51
2019;02;26;02;00;21.48;0.00;4.90;233.97
2019;02;26;03;00;21.20;0.00;3.88;248.20
2019;02;26;04;00;20.99;0.00;2.88;270.00
2019;02;26;05;00;20.83;0.00;3.32;319.40
2019;02;26;06;00;20.47;0.00;3.76;343.30
2019;02;26;07;00;21.99;0.00;3.26;353.66
2019;02;26;08;00;23.82;0.00;4.10;15.26
2019;02;26;09;00;26.51;0.00;3.83;41.19
2019;02;26;10;00;29.23;0.00;4.02;63.43
2019;02;26;11;00;31.72;0.00;4.33;85.24
2019;02;26;12;00;33.69;0.00;4.55;108.43
2019;02;26;13;00;35.04;0.00;3.56;135.00
2019;02;26;14;00;35.93;0.00;3.98;174.81
2019;02;26;15;00;36.16;0.00;6.29;193.24
2019;02;26;16;00;35.66;0.00;10.37;200.32
2019;02;26;17;00;33.32;0.00;19.39;211.33
2019;02;26;18;00;30.58;0.00;23.20;221.86
2019;02;26;19;00;27.87;0.00;22.77;230.77
2019;02;26;20;00;26.25;0.00;18.72;232.03
2019;02;26;21;00;24.90;0.00;16.55;225.88
2019;02;26;22;00;23.77;0.00;14.69;216.03
2019;02;26;23;00;22.95;0.00;14.18;203.96
2019;02;27;00;00;22.43;0.00;12.48;213.23
2019;02;27;01;00;21.97;0.00;9.50;232.70
2019;02;27;02;00;21.89;0.00;6.95;248.75
2019;02;27;03;00;21.74;0.00;5.24;254.05
2019;02;27;04;00;21.79;0.00;4.21;250.02
2019;02;27;05;00;21.99;0.00;3.42;251.57
2019;02;27;06;00;21.93;0.00;2.52;270.00
2019;02;27;07;00;23.13;0.00;2.90;299.74
2019;02;27;08;00;25.27;0.00;3.10;324.46
2019;02;27;09;00;27.52;0.00;2.55;261.87
2019;02;27;10;00;29.89;0.00;7.15;220.91
2019;02;27;11;00;31.90;0.00;11.09;215.75
2019;02;27;12;00;33.36;0.00;13.28;220.60
2019;02;27;13;00;34.26;0.00;13.28;229.40
2019;02;27;14;00;34.72;0.00;13.39;233.75
2019;02;27;15;00;34.58;0.00;14.62;232.00
2019;02;27;16;00;33.85;0.00;17.61;229.14
2019;02;27;17;00;32.16;0.00;24.46;222.61
2019;02;27;18;00;29.44;0.00;25.81;230.09
2019;02;27;19;00;27.65;0.00;23.20;228.14
2019;02;27;20;00;26.18;0.00;20.63;227.12
2019;02;27;21;00;25.04;0.00;17.85;228.27
2019;02;27;22;00;24.23;0.00;14.62;232.00
2019;02;27;23;00;23.34;0.00;11.71;225.00
2019;02;28;00;00;22.49;0.00;10.09;214.82
2019;02;28;01;00;21.81;0.00;8.50;216.38
2019;02;28;02;00;21.33;0.00;7.39;223.03
2019;02;28;03;00;21.63;0.00;6.70;233.75
2019;02;28;04;00;21.29;0.00;5.15;245.22
2019;02;28;05;00;21.23;0.00;4.02;259.70
2019;02;28;06;00;21.18;0.00;3.62;264.29
2019;02;28;07;00;22.86;0.00;3.76;253.30
2019;02;28;08;00;25.43;0.00;2.19;9.46
2019;02;28;09;00;27.99;0.00;3.83;41.19
2019;02;28;10;00;30.38;0.00;5.62;50.19
2019;02;28;11;00;31.96;0.00;5.86;47.49
2019;02;28;12;00;33.28;0.00;3.60;53.13
2019;02;28;13;00;34.35;0.00;1.14;71.57
2019;02;28;14;00;35.00;0.00;1.84;191.31
2019;02;28;15;00;35.26;0.00;3.40;212.01
2019;02;28;16;00;35.05;0.00;6.19;215.54
2019;02;28;17;00;33.97;0.00;16.42;217.87
2019;02;28;18;00;30.86;0.00;22.96;221.19
2019;02;28;19;00;28.09;0.00;23.17;224.37
2019;02;28;20;00;26.52;0.00;19.86;226.47
2019;02;28;21;00;25.17;0.00;18.58;224.22
2019;02;28;22;00;23.93;0.00;17.65;219.21
2019;02;28;23;00;23.31;0.00;15.88;212.97
2019;03;01;00;00;22.92;0.00;13.78;213.27
2019;03;01;01;00;22.33;0.00;9.96;220.60
2019;03;01;02;00;21.48;0.00;6.41;218.16
2019;03;01;03;00;20.96;0.00;5.01;201.04
2019;03;01;04;00;21.07;0.00;4.74;188.75
2019;03;01;05;00;21.15;0.00;1.84;191.31
2019;03;01;06;00;21.12;0.00;1.80;360.00
2019;03;01;07;00;22.16;0.00;5.86;10.62
2019;03;01;08;00;25.26;0.00;9.20;30.58
2019;03;01;09;00;28.10;0.00;10.19;57.99
2019;03;01;10;00;30.09;0.00;12.10;67.25
2019;03;01;11;00;32.02;0.00;12.85;78.69
2019;03;01;12;00;33.45;0.00;13.34;86.91
2019;03;01;13;00;34.57;0.00;11.90;86.53
2019;03;01;14;00;35.19;0.00;11.53;88.21
2019;03;01;15;00;35.60;0.00;11.52;90.00
2019;03;01;16;00;35.43;0.00;12.24;90.00
2019;03;01;17;00;35.64;0.00;12.74;132.71
2019;03;01;18;00;33.46;0.00;12.29;148.17
2019;03;01;19;00;30.56;0.00;13.32;178.45
2019;03;01;20;00;28.00;0.00;14.04;181.47
2019;03;01;21;00;26.56;0.00;11.88;180.00
2019;03;01;22;00;25.43;0.00;7.90;149.93
2019;03;01;23;00;24.97;0.00;10.37;110.32
2019;03;02;00;00;25.53;0.00;15.39;100.78
2019;03;02;01;00;24.95;0.00;18.01;92.29
2019;03;02;02;00;23.90;0.00;14.97;80.31
2019;03;02;03;00;23.09;0.00;12.31;74.74
2019;03;02;04;00;22.27;0.00;11.12;60.95
2019;03;02;05;00;22.72;0.00;13.83;51.34
2019;03;02;06;00;22.62;0.00;14.51;43.99
2019;03;02;07;00;23.44;0.00;15.02;44.03
2019;03;02;08;00;25.00;0.00;16.28;54.90
2019;03;02;09;00;26.89;0.00;15.62;64.03
2019;03;02;10;00;29.07;0.00;15.18;67.69
2019;03;02;11;00;31.22;0.00;15.28;74.98
2019;03;02;12;00;33.03;0.00;15.68;80.75
2019;03;02;13;00;34.38;0.00;15.91;84.81
2019;03;02;14;00;35.05;0.00;15.84;88.70
2019;03;02;15;00;35.27;0.00;16.20;90.00
2019;03;02;16;00;34.92;0.00;15.86;92.60
2019;03;02;17;00;33.89;0.00;13.08;97.91
2019;03;02;18;00;31.91;0.00;10.74;103.57
2019;03;02;19;00;30.45;0.00;8.91;133.36
2019;03;02;20;00;27.86;0.00;11.37;169.05
2019;03;02;21;00;25.18;0.00;11.90;183.47
2019;03;02;22;00;24.41;0.00;9.18;168.69
2019;03;02;23;00;24.32;0.00;7.49;125.22
2019;03;03;00;00;24.13;0.00;7.70;100.78
2019;03;03;01;00;23.83;0.00;7.56;90.00
2019;03;03;02;00;23.17;0.00;7.09;66.04
2019;03;03;03;00;22.47;0.00;6.64;40.60
2019;03;03;04;00;21.98;0.00;6.70;36.25
2019;03;03;05;00;21.45;0.00;6.88;42.88
2019;03;03;06;00;20.82;0.00;7.20;36.87
2019;03;03;07;00;22.76;0.00;7.73;27.76
2019;03;03;08;00;25.06;0.00;10.38;56.31
2019;03;03;09;00;27.32;0.00;11.84;70.46
2019;03;03;10;00;29.27;0.00;12.85;78.69
2019;03;03;11;00;31.01;0.00;12.98;86.82
2019;03;03;12;00;32.37;0.00;12.62;93.27
2019;03;03;13;00;33.45;0.00;11.18;93.69
2019;03;03;14;00;34.15;0.00;9.72;90.00
2019;03;03;15;00;34.47;0.00;9.36;90.00
2019;03;03;16;00;34.31;0.00;10.08;90.00
2019;03;03;17;00;34.05;0.00;6.64;102.53
2019;03;03;18;00;32.53;0.00;5.69;124.70
2019;03;03;19;00;30.59;0.00;7.52;163.30
2019;03;03;20;00;27.96;0.00;12.37;188.37
2019;03;03;21;00;26.01;0.00;15.03;196.70
2019;03;03;22;00;25.23;0.00;11.97;186.91
2019;03;03;23;00;24.17;0.00;10.16;157.07
2019;03;04;00;00;23.31;0.00;8.44;140.19
2019;03;04;01;00;22.91;0.00;4.51;118.61
2019;03;04;02;00;23.53;0.00;3.62;95.71
2019;03;04;03;00;23.73;0.00;3.71;60.95
2019;03;04;04;00;23.28;0.00;4.90;36.03
2019;03;04;05;00;22.86;0.00;6.12;28.07
2019;03;04;06;00;22.32;0.00;6.62;22.38
2019;03;04;07;00;23.99;0.00;8.29;34.38
2019;03;04;08;00;25.80;0.00;9.18;48.18
2019;03;04;09;00;27.70;0.00;9.00;53.13
2019;03;04;10;00;29.60;0.00;8.40;59.04
2019;03;04;11;00;31.52;0.00;7.29;69.78
2019;03;04;12;00;33.13;0.00;6.21;79.99
2019;03;04;13;00;34.39;0.00;5.04;90.00
2019;03;04;14;00;35.31;0.00;4.33;94.76
2019;03;04;15;00;35.62;0.00;4.10;105.26
2019;03;04;16;00;35.64;0.00;4.84;131.99
2019;03;04;17;00;34.86;0.00;6.85;183.01
2019;03;04;18;00;31.73;0.00;15.68;211.87
2019;03;04;19;00;28.64;0.00;22.93;227.54
2019;03;04;20;00;27.25;0.00;21.39;233.90
2019;03;04;21;00;25.98;0.00;18.39;229.76
2019;03;04;22;00;24.97;0.00;16.81;226.74
2019;03;04;23;00;24.18;0.00;15.58;220.31
2019;03;05;00;00;23.55;0.00;14.62;218.00
2019;03;05;01;00;23.04;0.00;13.25;222.80
2019;03;05;02;00;22.41;0.00;11.25;230.19
2019;03;05;03;00;21.90;0.00;9.79;233.97
2019;03;05;04;00;21.44;0.00;9.09;236.31
2019;03;05;05;00;21.05;0.00;8.05;243.43
2019;03;05;06;00;20.72;0.00;7.75;248.20
2019;03;05;07;00;23.00;0.00;7.57;244.65
2019;03;05;08;00;26.45;0.00;7.90;239.93
2019;03;05;09;00;29.03;0.00;8.71;231.71
2019;03;05;10;00;31.13;0.00;9.69;228.01
2019;03;05;11;00;32.89;0.00;10.20;222.14
2019;03;05;12;00;34.35;0.00;10.23;219.29
2019;03;05;13;00;35.29;0.00;9.45;220.36
2019;03;05;14;00;35.95;0.00;8.71;218.29
2019;03;05;15;00;36.14;0.00;8.65;196.93
2019;03;05;16;00;35.55;0.00;13.36;194.04
2019;03;05;17;00;33.69;0.00;21.67;212.11
2019;03;05;18;00;31.21;0.00;25.74;222.17
2019;03;05;19;00;28.80;0.00;24.99;228.50
2019;03;05;20;00;27.19;0.00;21.03;231.95
2019;03;05;21;00;25.98;0.00;19.23;231.84
2019;03;05;22;00;24.93;0.00;18.12;229.03
2019;03;05;23;00;23.97;0.00;17.57;225.83
2019;03;06;00;00;23.31;0.00;16.80;225.00
2019;03;06;01;00;22.89;0.00;15.53;225.94
2019;03;06;02;00;22.57;0.00;14.02;228.12
2019;03;06;03;00;22.24;0.00;13.04;230.60
2019;03;06;04;00;21.88;0.00;12.03;231.07
2019;03;06;05;00;21.35;0.00;11.02;231.63
2019;03;06;06;00;20.85;0.00;9.73;231.01
2019;03;06;07;00;22.85;0.00;9.96;229.40
2019;03;06;08;00;26.42;0.00;10.20;227.86
2019;03;06;09;00;29.46;0.00;10.01;217.69
2019;03;06;10;00;31.96;0.00;10.19;212.01
2019;03;06;11;00;33.66;0.00;11.11;204.90
2019;03;06;12;00;34.97;0.00;12.72;205.11
2019;03;06;13;00;35.65;0.00;12.40;205.82
2019;03;06;14;00;36.12;0.00;12.25;204.30
2019;03;06;15;00;36.11;0.00;15.46;207.76
2019;03;06;16;00;35.12;0.00;19.17;214.29
2019;03;06;17;00;32.63;0.00;25.07;215.06
2019;03;06;18;00;30.27;0.00;25.71;224.43
2019;03;06;19;00;28.40;0.00;22.93;227.54
2019;03;06;20;00;27.14;0.00;19.23;231.84
2019;03;06;21;00;26.20;0.00;16.99;233.62
2019;03;06;22;00;25.17;0.00;15.12;231.77
2019;03;06;23;00;24.06;0.00;13.49;223.92
2019;03;07;00;00;23.16;0.00;12.31;217.87
2019;03;07;01;00;22.57;0.00;11.02;218.37
2019;03;07;02;00;22.25;0.00;9.93;226.47
2019;03;07;03;00;22.05;0.00;9.22;231.34
2019;03;07;04;00;21.84;0.00;8.44;230.19
2019;03;07;05;00;21.56;0.00;7.93;230.53
2019;03;07;06;00;21.34;0.00;7.65;228.81
2019;03;07;07;00;23.55;0.00;8.67;221.63
2019;03;07;08;00;26.45;0.00;6.70;216.25
2019;03;07;09;00;29.40;0.00;5.15;192.09
2019;03;07;10;00;32.10;0.00;5.40;180.00
2019;03;07;11;00;34.37;0.00;8.28;180.00
2019;03;07;12;00;35.91;0.00;11.25;187.35
2019;03;07;13;00;36.73;0.00;12.22;193.63
2019;03;07;14;00;36.84;0.00;14.51;203.39
2019;03;07;15;00;36.47;0.00;17.41;209.74
2019;03;07;16;00;35.73;0.00;20.30;217.07
2019;03;07;17;00;34.15;0.00;26.50;233.29
2019;03;07;18;00;31.09;0.00;24.27;237.72
2019;03;07;19;00;28.81;0.00;21.31;232.55
2019;03;07;20;00;27.18;0.00;19.38;234.83
2019;03;07;21;00;26.16;0.00;16.78;234.61
2019;03;07;22;00;25.02;0.00;15.02;224.03
2019;03;07;23;00;23.91;0.00;14.20;210.47
2019;03;08;00;00;23.13;0.00;13.48;214.11
2019;03;08;01;00;22.78;0.00;10.74;230.44
2019;03;08;02;00;22.45;0.00;8.71;240.26
2019;03;08;03;00;22.04;0.00;7.29;237.09
2019;03;08;04;00;21.63;0.00;7.65;228.81
2019;03;08;05;00;21.15;0.00;7.90;223.15
2019;03;08;06;00;20.81;0.00;7.93;219.47
2019;03;08;07;00;23.26;0.00;8.21;217.87
2019;03;08;08;00;26.26;0.00;6.99;214.51
2019;03;08;09;00;28.81;0.00;4.68;202.62
2019;03;08;10;00;30.99;0.00;3.24;180.00
2019;03;08;11;00;32.97;0.00;4.38;170.54
2019;03;08;12;00;34.48;0.00;5.15;167.91
2019;03;08;13;00;35.52;0.00;7.52;163.30
2019;03;08;14;00;35.95;0.00;9.73;177.88
2019;03;08;15;00;35.55;0.00;13.08;187.91
2019;03;08;16;00;34.05;0.00;19.01;198.78
2019;03;08;17;00;32.40;0.00;26.06;237.41
2019;03;08;18;00;31.65;0.00;27.72;232.39
2019;03;08;19;00;28.67;0.00;29.88;233.82
2019;03;08;20;00;27.06;0.00;26.79;233.75
2019;03;08;21;00;25.81;0.00;23.00;230.08
2019;03;08;22;00;24.76;0.00;19.37;221.99
2019;03;08;23;00;24.11;0.00;15.82;221.31
2019;03;09;00;00;23.68;0.00;12.54;230.83
2019;03;09;01;00;23.23;0.00;10.00;239.74
2019;03;09;02;00;22.75;0.00;8.79;235.01
2019;03;09;03;00;22.29;0.00;7.93;230.53
2019;03;09;04;00;21.85;0.00;6.92;231.34
2019;03;09;05;00;21.63;0.00;5.99;237.26
2019;03;09;06;00;21.66;0.00;5.32;241.70
2019;03;09;07;00;23.68;0.00;4.51;241.39
2019;03;09;08;00;26.86;0.00;2.19;260.54
2019;03;09;09;00;28.94;0.00;0.80;206.57
2019;03;09;10;00;30.72;0.00;0.72;180.00
2019;03;09;11;00;32.25;0.00;0.80;116.57
2019;03;09;12;00;33.50;0.00;1.53;135.00
2019;03;09;13;00;34.37;0.00;1.94;158.20
2019;03;09;14;00;34.95;0.00;2.41;153.43
2019;03;09;15;00;34.98;0.00;2.41;153.43
2019;03;09;16;00;33.42;0.00;4.55;161.57
2019;03;09;17;00;32.85;0.40;7.64;171.87
2019;03;09;18;00;31.24;0.00;8.64;180.00
2019;03;09;19;00;29.50;0.00;9.26;193.50
2019;03;09;20;00;27.97;0.00;11.44;204.15
2019;03;09;21;00;26.70;0.00;10.95;207.41
2019;03;09;22;00;25.76;0.00;9.03;203.50
2019;03;09;23;00;24.92;0.00;8.31;197.65
