Year;Month;Day;Hour;Minute;Temperature  [2 m above gnd];Total Precipitation (high resolution)  [sfc];Wind Speed  [10 m above gnd];Wind Direction  [10 m above gnd]
2019;02;06;00;00;20.20;0.00;11.61;82.87
2019;02;06;01;00;18.94;0.00;8.47;77.74
2019;02;06;02;00;18.01;0.00;6.95;68.75
2019;02;06;03;00;17.53;0.00;6.19;54.46
2019;02;06;04;00;18.05;0.00;6.41;38.16
2019;02;06;05;00;18.01;0.00;6.92;27.90
2019;02;06;06;00;17.66;0.00;6.92;27.90
2019;02;06;07;00;18.33;0.00;6.79;32.01
2019;02;06;08;00;21.82;0.00;7.39;46.97
2019;02;06;09;00;25.33;0.00;8.43;70.02
2019;02;06;10;00;28.40;0.00;12.29;84.96
2019;02;06;11;00;30.51;0.00;16.20;90.00
2019;02;06;12;00;31.82;0.00;18.36;91.12
2019;02;06;13;00;32.76;0.00;18.73;92.20
2019;02;06;14;00;33.05;0.00;19.81;92.08
2019;02;06;15;00;32.91;0.00;20.17;92.05
2019;02;06;16;00;32.26;0.00;20.19;93.07
2019;02;06;17;00;31.06;0.00;19.35;99.64
2019;02;06;18;00;28.46;0.00;15.33;99.46
2019;02;06;19;00;26.96;0.00;16.52;101.31
2019;02;06;20;00;25.49;0.00;17.73;102.91
2019;02;06;21;00;23.92;0.00;14.92;98.33
2019;02;06;22;00;22.58;0.00;12.61;91.64
2019;02;06;23;00;21.34;0.00;9.73;87.88
2019;02;07;00;00;20.33;0.00;7.70;79.22
2019;02;07;01;00;19.47;0.00;6.62;67.62
2019;02;07;02;00;18.76;0.00;6.19;54.46
2019;02;07;03;00;18.22;0.00;5.35;42.27
2019;02;07;04;00;17.90;0.00;5.15;24.78
2019;02;07;05;00;17.60;0.00;5.24;15.95
2019;02;07;06;00;17.30;0.00;5.59;14.93
2019;02;07;07;00;18.90;0.00;5.24;15.95
2019;02;07;08;00;22.18;0.00;3.83;41.19
2019;02;07;09;00;25.61;0.00;2.60;56.31
2019;02;07;10;00;28.49;0.00;2.88;90.00
2019;02;07;11;00;30.74;0.00;5.69;108.43
2019;02;07;12;00;32.41;0.00;8.31;107.65
2019;02;07;13;00;33.52;0.00;10.14;106.50
2019;02;07;14;00;34.11;0.00;11.53;104.47
2019;02;07;15;00;34.21;0.00;13.36;104.04
2019;02;07;16;00;33.78;0.00;14.59;105.75
2019;02;07;17;00;32.36;0.00;16.95;102.26
2019;02;07;18;00;29.47;0.00;14.92;98.33
2019;02;07;19;00;27.94;0.00;17.16;99.66
2019;02;07;20;00;26.46;0.00;17.73;102.91
2019;02;07;21;00;24.87;0.00;15.27;98.13
2019;02;07;22;00;23.42;0.00;12.61;91.64
2019;02;07;23;00;22.11;0.00;9.73;87.88
2019;02;08;00;00;21.12;0.00;7.70;79.22
2019;02;08;01;00;20.34;0.00;5.48;66.80
2019;02;08;02;00;19.67;0.00;4.33;48.37
2019;02;08;03;00;19.27;0.00;2.90;29.74
2019;02;08;04;00;19.83;0.00;2.19;9.46
2019;02;08;05;00;19.83;0.00;2.52;360.00
2019;02;08;06;00;19.73;0.00;2.55;351.87
2019;02;08;07;00;20.04;0.00;2.62;344.05
2019;02;08;08;00;22.11;0.00;1.61;296.57
2019;02;08;09;00;24.91;0.00;2.81;219.81
2019;02;08;10;00;28.05;0.00;5.63;206.57
2019;02;08;11;00;30.38;0.00;6.38;196.39
2019;02;08;12;00;32.24;0.00;6.49;183.18
2019;02;08;13;00;33.46;0.00;6.29;166.76
2019;02;08;14;00;34.31;0.00;6.92;152.10
2019;02;08;15;00;34.58;0.00;7.93;140.53
2019;02;08;16;00;34.29;0.00;8.91;136.64
2019;02;08;17;00;33.21;0.00;13.44;159.62
2019;02;08;18;00;30.47;0.00;11.44;155.85
2019;02;08;19;00;29.59;0.00;13.09;148.50
2019;02;08;20;00;28.02;0.00;12.74;137.29
2019;02;08;21;00;26.84;0.00;12.10;120.38
2019;02;08;22;00;25.38;0.00;11.04;109.03
2019;02;08;23;00;24.07;0.00;8.31;94.97
2019;02;09;00;00;23.28;0.00;6.21;79.99
2019;02;09;01;00;22.43;0.00;4.90;53.97
2019;02;09;02;00;21.67;0.00;4.35;24.44
2019;02;09;03;00;20.97;0.00;4.69;4.40
2019;02;09;04;00;20.40;0.00;4.74;8.75
2019;02;09;05;00;19.93;0.00;4.38;9.46
2019;02;09;06;00;19.59;0.00;3.26;6.34
2019;02;09;07;00;21.32;0.00;1.94;21.80
2019;02;09;08;00;24.01;0.00;1.44;180.00
2019;02;09;09;00;26.80;0.00;7.07;194.74
2019;02;09;10;00;28.93;0.00;9.00;196.26
2019;02;09;11;00;30.68;0.00;8.83;191.77
2019;02;09;12;00;31.90;0.00;7.21;182.86
2019;02;09;13;00;32.85;0.00;5.24;164.05
2019;02;09;14;00;33.42;0.00;5.09;135.00
2019;02;09;15;00;33.51;0.00;6.19;125.54
2019;02;09;16;00;33.09;0.00;7.75;111.80
2019;02;09;17;00;30.65;0.30;10.54;97.85
2019;02;09;18;00;28.83;0.10;9.06;96.84
2019;02;09;19;00;27.83;0.00;9.39;94.40
2019;02;09;20;00;26.65;0.00;13.44;97.70
2019;02;09;21;00;25.36;0.00;15.11;102.38
2019;02;09;22;00;24.49;0.00;13.49;99.21
2019;02;09;23;00;23.79;0.00;11.90;93.47
2019;02;10;00;00;23.36;0.00;10.81;91.91
2019;02;10;01;00;22.99;0.00;9.36;90.00
2019;02;10;02;00;22.86;0.00;8.71;82.87
2019;02;10;03;00;22.50;0.00;7.77;76.61
2019;02;10;04;00;22.21;0.00;7.63;70.71
2019;02;10;05;00;21.99;0.00;7.42;67.17
2019;02;10;06;00;21.72;0.00;7.24;63.43
2019;02;10;07;00;21.99;0.00;6.29;66.37
2019;02;10;08;00;23.19;0.00;6.44;63.43
2019;02;10;09;00;25.39;0.00;6.95;68.75
2019;02;10;10;00;28.13;0.00;8.29;87.51
2019;02;10;11;00;30.54;0.00;10.50;95.91
2019;02;10;12;00;32.26;0.00;13.14;99.46
2019;02;10;13;00;33.42;0.00;16.30;96.34
2019;02;10;14;00;33.85;0.00;19.16;95.39
2019;02;10;15;00;33.69;0.00;20.67;97.00
2019;02;10;16;00;32.99;0.00;22.20;98.39
2019;02;10;17;00;31.29;0.00;17.37;95.95
2019;02;10;18;00;29.84;0.00;16.62;94.97
2019;02;10;19;00;28.89;0.00;21.71;95.71
2019;02;10;20;00;26.53;0.00;23.22;97.13
2019;02;10;21;00;24.80;0.00;21.67;94.76
2019;02;10;22;00;23.51;0.00;21.24;90.00
2019;02;10;23;00;22.42;0.00;19.44;88.94
2019;02;11;00;00;21.67;0.00;16.98;85.14
2019;02;11;01;00;21.37;0.00;15.94;83.52
2019;02;11;02;00;21.18;0.00;14.26;79.82
2019;02;11;03;00;20.83;0.00;12.22;76.37
2019;02;11;04;00;20.53;0.00;11.38;71.57
2019;02;11;05;00;20.32;0.00;10.31;65.22
2019;02;11;06;00;20.06;0.00;8.71;60.26
2019;02;11;07;00;20.72;0.00;9.39;57.53
2019;02;11;08;00;22.69;0.00;12.57;66.37
2019;02;11;09;00;25.24;0.00;17.03;76.55
2019;02;11;10;00;27.53;0.00;19.42;79.32
2019;02;11;11;00;29.40;0.00;20.72;82.01
2019;02;11;12;00;30.96;0.00;22.82;83.66
2019;02;11;13;00;31.76;0.00;23.86;84.81
2019;02;11;14;00;32.25;0.00;25.60;86.78
2019;02;11;15;00;32.10;0.00;25.96;86.82
2019;02;11;16;00;31.56;0.00;26.32;86.86
2019;02;11;17;00;30.48;0.00;28.09;88.53
2019;02;11;18;00;28.14;0.00;26.66;87.68
2019;02;11;19;00;26.61;0.00;24.85;88.34
2019;02;11;20;00;25.11;0.00;25.58;87.58
2019;02;11;21;00;23.69;0.00;23.86;84.81
2019;02;11;22;00;22.48;0.00;20.72;82.01
2019;02;11;23;00;21.38;0.00;16.52;78.69
2019;02;12;00;00;20.39;0.00;13.45;74.48
2019;02;12;01;00;19.41;0.00;10.79;64.29
2019;02;12;02;00;18.56;0.00;9.00;53.13
2019;02;12;03;00;18.68;0.00;8.67;41.63
2019;02;12;04;00;18.41;0.00;8.16;41.42
2019;02;12;05;00;18.10;0.00;8.40;43.26
2019;02;12;06;00;18.13;0.00;8.65;45.00
2019;02;12;07;00;19.02;0.00;9.18;48.18
2019;02;12;08;00;21.35;0.00;12.90;67.01
2019;02;12;09;00;24.13;0.00;17.90;74.85
2019;02;12;10;00;26.79;0.00;21.48;76.43
2019;02;12;11;00;29.05;0.00;24.92;79.18
2019;02;12;12;00;30.63;0.00;27.29;81.66
2019;02;12;13;00;31.32;0.00;28.36;81.97
2019;02;12;14;00;31.62;0.00;28.77;81.36
2019;02;12;15;00;31.42;0.00;28.47;80.54
2019;02;12;16;00;30.81;0.00;28.05;81.14
2019;02;12;17;00;30.27;0.00;29.63;85.12
2019;02;12;18;00;27.64;0.00;27.01;88.47
2019;02;12;19;00;26.03;0.00;24.85;88.34
2019;02;12;20;00;24.58;0.00;24.22;84.88
2019;02;12;21;00;23.20;0.00;22.67;79.94
2019;02;12;22;00;21.92;0.00;19.39;74.93
2019;02;12;23;00;20.76;0.00;14.58;69.78
2019;02;13;00;00;19.59;0.00;10.81;60.02
2019;02;13;01;00;18.46;0.00;8.67;48.37
2019;02;13;02;00;17.50;0.00;7.49;35.22
2019;02;13;03;00;17.03;0.00;7.57;25.35
2019;02;13;04;00;16.59;0.00;7.63;19.29
2019;02;13;05;00;16.12;0.00;7.97;18.43
2019;02;13;06;00;15.69;0.00;7.86;15.95
2019;02;13;07;00;17.75;0.00;7.29;20.22
2019;02;13;08;00;21.76;0.00;9.93;43.53
2019;02;13;09;00;24.96;0.00;12.56;62.70
2019;02;13;10;00;27.72;0.00;17.11;75.38
2019;02;13;11;00;29.86;0.00;20.36;81.87
2019;02;13;12;00;31.35;0.00;21.71;84.29
2019;02;13;13;00;32.26;0.00;24.58;84.96
2019;02;13;14;00;32.49;0.00;25.68;84.37
2019;02;13;15;00;32.29;0.00;25.68;84.37
2019;02;13;16;00;31.63;0.00;26.04;84.45
2019;02;13;17;00;30.15;0.00;24.65;83.29
2019;02;13;18;00;27.86;0.00;19.60;82.61
2019;02;13;19;00;26.35;0.00;17.34;85.24
2019;02;13;20;00;25.17;0.00;19.09;87.84
2019;02;13;21;00;23.89;0.00;19.45;87.88
2019;02;13;22;00;22.46;0.00;16.62;85.03
2019;02;13;23;00;21.09;0.00;12.68;83.48
2019;02;14;00;00;19.86;0.00;9.61;77.01
2019;02;14;01;00;18.68;0.00;7.41;60.95
2019;02;14;02;00;17.97;0.00;6.88;42.88
2019;02;14;03;00;17.60;0.00;7.24;26.57
2019;02;14;04;00;17.29;0.00;7.29;20.22
2019;02;14;05;00;17.03;0.00;7.42;14.04
2019;02;14;06;00;16.77;0.00;7.07;14.74
2019;02;14;07;00;18.94;0.00;6.83;18.43
2019;02;14;08;00;22.96;0.00;8.44;39.81
2019;02;14;09;00;25.91;0.00;10.14;73.50
2019;02;14;10;00;28.14;0.00;13.32;88.45
2019;02;14;11;00;30.06;0.00;15.55;95.31
2019;02;14;12;00;31.56;0.00;17.16;99.66
2019;02;14;13;00;32.43;0.00;18.58;98.91
2019;02;14;14;00;32.71;0.00;19.77;100.49
2019;02;14;15;00;32.44;0.00;21.08;97.85
2019;02;14;16;00;30.62;0.20;22.10;96.55
2019;02;14;17;00;31.02;0.00;21.40;102.63
2019;02;14;18;00;29.01;0.00;19.56;102.76
2019;02;14;19;00;27.35;0.00;17.94;100.41
2019;02;14;20;00;25.98;0.00;18.64;100.01
2019;02;14;21;00;24.58;0.00;16.39;98.84
2019;02;14;22;00;23.23;0.00;13.34;93.09
2019;02;14;23;00;21.92;0.00;10.44;90.00
2019;02;15;00;00;20.85;0.00;8.40;80.13
2019;02;15;01;00;19.99;0.00;6.95;68.75
2019;02;15;02;00;19.22;0.00;6.49;56.31
2019;02;15;03;00;18.74;0.00;5.86;47.49
2019;02;15;04;00;19.23;0.00;6.13;40.24
2019;02;15;05;00;19.29;0.00;5.80;29.74
2019;02;15;06;00;19.17;0.00;5.63;26.57
2019;02;15;07;00;19.68;0.00;5.19;33.69
2019;02;15;08;00;22.62;0.00;4.51;61.39
2019;02;15;09;00;26.09;0.00;4.68;90.00
2019;02;15;10;00;28.54;0.00;5.15;102.09
2019;02;15;11;00;30.43;0.00;6.03;107.35
2019;02;15;12;00;32.04;0.00;7.52;106.70
2019;02;15;13;00;33.20;0.00;9.35;105.64
2019;02;15;14;00;33.84;0.00;10.83;105.42
2019;02;15;15;00;33.84;0.00;11.62;106.19
2019;02;15;16;00;33.48;0.00;13.10;105.95
2019;02;15;17;00;32.31;0.00;12.57;113.63
2019;02;15;18;00;29.69;0.00;10.37;110.32
2019;02;15;19;00;28.22;0.00;11.38;108.43
2019;02;15;20;00;26.90;0.00;15.38;106.31
2019;02;15;21;00;25.65;0.00;16.33;104.04
2019;02;15;22;00;24.26;0.00;13.76;96.01
2019;02;15;23;00;23.00;0.00;10.80;90.00
2019;02;16;00;00;21.99;0.00;7.95;84.81
2019;02;16;01;00;21.32;0.00;5.69;71.57
2019;02;16;02;00;20.66;0.00;4.20;59.04
2019;02;16;03;00;20.14;0.00;3.10;35.54
2019;02;16;04;00;19.79;0.00;2.52;360.00
2019;02;16;05;00;19.48;0.00;2.74;336.80
2019;02;16;06;00;19.33;0.00;3.10;324.46
2019;02;16;07;00;21.05;0.00;3.05;315.00
2019;02;16;08;00;23.88;0.00;3.96;270.00
2019;02;16;09;00;26.82;0.00;6.88;227.12
2019;02;16;10;00;29.18;0.00;9.00;216.87
2019;02;16;11;00;31.04;0.00;9.69;211.33
2019;02;16;12;00;32.36;0.00;8.22;208.81
2019;02;16;13;00;33.42;0.00;6.30;210.96
2019;02;16;14;00;34.12;0.00;5.01;201.04
2019;02;16;15;00;34.36;0.00;5.51;191.31
2019;02;16;16;00;34.14;0.00;6.52;186.34
2019;02;16;17;00;33.14;0.00;7.95;185.19
2019;02;16;18;00;30.93;0.00;8.28;180.00
2019;02;16;19;00;29.63;0.00;9.89;169.51
2019;02;16;20;00;28.61;0.00;9.69;158.20
2019;02;16;21;00;27.23;0.00;9.00;126.87
2019;02;16;22;00;25.87;0.00;11.63;111.80
2019;02;16;23;00;24.82;0.00;10.63;118.30
2019;02;17;00;00;23.67;0.00;6.76;115.20
2019;02;17;01;00;23.32;0.00;4.10;127.87
2019;02;17;02;00;22.91;0.00;2.28;198.43
2019;02;17;03;00;22.52;0.00;2.97;255.96
2019;02;17;04;00;22.15;0.00;3.98;275.19
2019;02;17;05;00;21.84;0.00;4.74;278.75
2019;02;17;06;00;21.54;0.00;4.69;274.40
2019;02;17;07;00;23.00;0.00;4.33;265.24
2019;02;17;08;00;25.44;0.00;7.99;234.16
2019;02;17;09;00;27.35;0.00;8.71;231.71
2019;02;17;10;00;29.67;0.00;7.79;236.31
2019;02;17;11;00;31.31;0.00;6.21;259.99
2019;02;17;12;00;32.86;0.00;5.59;255.07
2019;02;17;13;00;33.96;0.00;5.82;248.20
2019;02;17;14;00;34.74;0.00;6.30;239.04
2019;02;17;15;00;34.94;0.00;6.64;229.40
2019;02;17;16;00;34.77;0.00;7.15;229.09
2019;02;17;17;00;34.65;0.00;10.48;254.05
2019;02;17;18;00;31.85;0.00;9.42;226.55
2019;02;17;19;00;30.42;0.00;11.62;196.19
2019;02;17;20;00;29.03;0.00;10.85;185.71
2019;02;17;21;00;27.87;0.00;7.97;161.57
2019;02;17;22;00;26.66;0.00;7.79;123.69
2019;02;17;23;00;25.37;0.00;8.29;124.38
2019;02;18;00;00;24.71;0.00;8.67;131.63
2019;02;18;01;00;24.16;0.00;6.19;144.46
2019;02;18;02;00;23.68;0.00;3.98;174.81
2019;02;18;03;00;22.87;0.00;3.08;200.56
2019;02;18;04;00;22.16;0.00;3.22;206.57
2019;02;18;05;00;21.60;0.00;3.22;206.57
2019;02;18;06;00;21.21;0.00;3.22;206.57
2019;02;18;07;00;22.97;0.00;2.90;209.74
2019;02;18;08;00;25.84;0.00;9.18;205.56
2019;02;18;09;00;28.27;0.00;11.09;215.75
2019;02;18;10;00;30.35;0.00;11.21;222.40
2019;02;18;11;00;31.96;0.00;9.93;223.53
2019;02;18;12;00;33.23;0.00;7.65;221.19
2019;02;18;13;00;34.20;0.00;6.99;214.51
2019;02;18;14;00;34.89;0.00;5.96;205.02
2019;02;18;15;00;34.93;0.00;6.38;196.39
2019;02;18;16;00;34.65;0.00;8.28;180.00
2019;02;18;17;00;34.64;0.00;6.88;186.01
2019;02;18;18;00;32.40;0.00;7.42;165.96
2019;02;18;19;00;30.53;0.00;9.39;147.53
2019;02;18;20;00;28.91;0.00;12.26;130.24
2019;02;18;21;00;27.83;0.00;17.78;121.76
2019;02;18;22;00;26.60;0.00;18.04;118.61
2019;02;18;23;00;25.47;0.00;13.78;123.27
2019;02;19;00;00;24.53;0.00;9.02;118.61
2019;02;19;01;00;23.73;0.00;6.61;119.36
2019;02;19;02;00;23.25;0.00;5.19;123.69
2019;02;19;03;00;22.74;0.00;4.39;124.99
2019;02;19;04;00;22.44;0.00;3.60;126.87
2019;02;19;05;00;22.11;0.00;2.90;119.74
2019;02;19;06;00;21.72;0.00;2.41;116.57
2019;02;19;07;00;22.94;0.00;1.48;104.04
2019;02;19;08;00;25.66;0.00;2.31;141.34
2019;02;19;09;00;28.14;0.00;4.02;153.43
2019;02;19;10;00;30.34;0.00;6.44;153.43
2019;02;19;11;00;32.08;0.00;8.89;148.24
2019;02;19;12;00;33.50;0.00;10.46;139.18
2019;02;19;13;00;34.41;0.00;12.10;126.53
2019;02;19;14;00;35.01;0.00;13.85;114.57
2019;02;19;15;00;35.02;0.00;15.48;107.59
2019;02;19;16;00;34.48;0.00;18.08;102.65
2019;02;19;17;00;32.62;0.00;16.52;110.41
2019;02;19;18;00;30.35;0.00;14.24;110.73
2019;02;19;19;00;28.82;0.00;13.90;106.56
2019;02;19;20;00;27.68;0.00;15.89;103.09
2019;02;19;21;00;26.45;0.00;17.16;99.66
2019;02;19;22;00;25.05;0.00;15.16;94.09
2019;02;19;23;00;23.81;0.00;13.32;88.45
2019;02;20;00;00;22.78;0.00;12.68;83.48
2019;02;20;01;00;22.11;0.00;12.73;81.87
2019;02;20;02;00;22.40;0.00;12.07;79.70
2019;02;20;03;00;21.95;0.00;11.37;79.05
2019;02;20;04;00;21.60;0.00;10.54;82.15
2019;02;20;05;00;21.32;0.00;10.50;84.09
2019;02;20;06;00;21.44;0.00;8.12;77.20
2019;02;20;07;00;23.07;0.00;10.31;77.91
2019;02;20;08;00;25.17;0.00;14.78;87.21
2019;02;20;09;00;27.27;0.00;17.28;91.19
2019;02;20;10;00;29.26;0.00;19.13;94.32
2019;02;20;11;00;31.02;0.00;20.96;94.93
2019;02;20;12;00;32.39;0.00;22.39;94.61
2019;02;20;13;00;33.28;0.00;23.80;93.47
2019;02;20;14;00;33.64;0.00;24.58;95.04
2019;02;20;15;00;33.63;0.00;25.24;93.27
2019;02;20;16;00;33.01;0.00;24.91;94.14
2019;02;20;17;00;31.72;0.00;25.26;94.09
2019;02;20;18;00;29.15;0.00;21.39;96.77
2019;02;20;19;00;27.29;0.00;19.00;99.82
2019;02;20;20;00;25.64;0.00;17.11;98.47
2019;02;20;21;00;24.10;0.00;14.08;94.40
2019;02;20;22;00;22.65;0.00;11.88;90.00
2019;02;20;23;00;21.26;0.00;9.78;83.66
2019;02;23;00;00;20.12;0.00;7.49;54.78
2019;02;23;01;00;19.18;0.00;6.92;38.66
2019;02;23;02;00;18.39;0.00;6.76;25.20
2019;02;23;03;00;17.77;0.00;6.64;12.53
2019;02;23;04;00;17.35;0.00;6.29;13.24
2019;02;23;05;00;17.02;0.00;6.57;9.46
2019;02;23;06;00;16.71;0.00;6.57;9.46
2019;02;23;07;00;18.62;0.00;6.92;8.97
2019;02;23;08;00;23.39;0.00;5.96;25.02
2019;02;23;09;00;27.47;0.00;8.22;61.19
2019;02;23;10;00;30.37;0.00;14.87;83.05
2019;02;23;11;00;32.47;0.00;18.72;88.90
2019;02;23;12;00;34.20;0.00;20.88;90.00
2019;02;23;13;00;35.35;0.00;23.78;87.40
2019;02;23;14;00;35.74;0.00;26.32;86.86
2019;02;23;15;00;35.52;0.00;27.38;87.74
2019;02;23;16;00;34.71;0.00;27.36;89.25
2019;02;23;17;00;33.03;0.00;26.64;90.77
2019;02;23;18;00;29.68;0.00;19.20;96.46
2019;02;23;19;00;26.97;0.00;15.19;103.71
2019;02;23;20;00;24.64;0.00;11.87;104.04
2019;02;23;21;00;23.43;0.00;9.78;96.34
2019;02;23;22;00;22.76;0.00;8.31;85.03
2019;02;23;23;00;21.75;0.00;7.75;68.20
2019;02;24;00;00;20.63;0.00;7.20;53.13
2019;02;24;01;00;19.56;0.00;7.20;36.87
2019;02;24;02;00;18.75;0.00;7.09;23.96
2019;02;24;03;00;18.15;0.00;6.73;15.52
2019;02;24;04;00;17.67;0.00;6.57;9.46
2019;02;24;05;00;17.25;0.00;6.84;360.00
2019;02;24;06;00;16.96;0.00;6.12;360.00
2019;02;24;07;00;18.96;0.00;5.77;356.42
2019;02;24;08;00;23.54;0.00;3.62;5.71
2019;02;24;09;00;27.82;0.00;2.10;59.04
2019;02;24;10;00;30.75;0.00;7.42;104.04
2019;02;24;11;00;33.05;0.00;13.28;102.53
2019;02;24;12;00;34.69;0.00;17.06;97.28
2019;02;24;13;00;35.53;0.00;20.17;92.05
2019;02;24;14;00;35.82;0.00;21.96;90.00
2019;02;24;15;00;35.54;0.00;23.04;89.10
2019;02;24;16;00;34.69;0.00;23.76;90.87
2019;02;24;17;00;33.15;0.00;24.97;95.79
2019;02;24;18;00;29.82;0.00;18.58;98.91
2019;02;24;19;00;27.23;0.00;15.89;103.09
2019;02;24;20;00;24.63;0.00;12.57;103.24
2019;02;24;21;00;22.96;0.00;10.46;93.95
2019;02;24;22;00;22.01;0.00;9.06;83.16
2019;02;24;23;00;20.70;0.00;8.23;66.80
2019;02;25;00;00;19.19;0.00;7.93;50.53
2019;02;25;01;00;17.78;0.00;7.79;33.69
2019;02;25;02;00;17.16;0.00;7.17;17.53
2019;02;25;03;00;16.56;0.00;6.88;6.01
2019;02;25;04;00;16.11;0.00;6.12;360.00
2019;02;25;05;00;15.82;0.00;5.45;352.41
2019;02;25;06;00;15.62;0.00;5.15;347.91
2019;02;25;07;00;17.38;0.00;4.80;347.01
2019;02;25;08;00;21.74;0.00;2.55;351.87
2019;02;25;09;00;25.57;0.00;1.08;270.00
2019;02;25;10;00;29.26;0.00;1.08;180.00
2019;02;25;11;00;32.18;0.00;3.71;150.95
2019;02;25;12;00;34.37;0.00;7.90;120.07
2019;02;25;13;00;35.76;0.00;10.25;108.43
2019;02;25;14;00;36.47;0.00;12.43;100.01
2019;02;25;15;00;36.54;0.00;13.76;96.01
2019;02;25;16;00;36.00;0.00;14.83;95.57
2019;02;25;17;00;35.04;0.00;14.59;105.75
2019;02;25;18;00;31.71;0.00;11.18;104.93
2019;02;25;19;00;29.11;0.00;11.84;109.54
2019;02;25;20;00;26.42;0.00;12.64;109.98
2019;02;25;21;00;24.52;0.00;11.50;110.14
2019;02;25;22;00;23.24;0.00;9.50;114.62
2019;02;25;23;00;22.35;0.00;6.95;111.25
2019;02;26;00;00;21.62;0.00;3.98;95.19
2019;02;26;01;00;20.73;0.00;1.80;360.00
2019;02;26;02;00;20.10;0.00;5.12;309.29
2019;02;26;03;00;19.62;0.00;6.30;300.96
2019;02;26;04;00;19.24;0.00;6.62;292.38
2019;02;26;05;00;18.96;0.00;6.73;285.52
2019;02;26;06;00;18.67;0.00;7.24;275.71
2019;02;26;07;00;20.78;0.00;6.85;266.99
2019;02;26;08;00;23.77;0.00;10.46;243.43
2019;02;26;09;00;26.77;0.00;10.51;231.95
2019;02;26;10;00;29.52;0.00;11.20;225.00
2019;02;26;11;00;31.74;0.00;10.74;219.56
2019;02;26;12;00;33.54;0.00;9.50;217.30
2019;02;26;13;00;34.94;0.00;7.15;220.91
2019;02;26;14;00;35.93;0.00;5.32;208.30
2019;02;26;15;00;36.20;0.00;4.10;195.26
2019;02;26;16;00;35.91;0.00;4.69;184.40
2019;02;26;17;00;35.27;0.00;5.15;167.91
2019;02;26;18;00;32.91;0.00;8.22;151.19
2019;02;26;19;00;30.80;0.00;10.23;140.71
2019;02;26;20;00;28.88;0.00;17.58;124.99
2019;02;26;21;00;27.35;0.00;20.99;120.96
2019;02;26;22;00;25.49;0.00;16.18;122.28
2019;02;26;23;00;24.11;0.00;9.00;143.13
2019;02;27;00;00;23.22;0.00;7.24;174.29
2019;02;27;01;00;23.58;0.00;7.59;185.44
2019;02;27;02;00;22.59;0.00;5.51;191.31
2019;02;27;03;00;21.89;0.00;6.03;197.35
2019;02;27;04;00;21.35;0.00;5.82;201.80
2019;02;27;05;00;20.88;0.00;5.15;204.78
2019;02;27;06;00;20.56;0.00;5.50;211.61
2019;02;27;07;00;22.75;0.00;6.49;213.69
2019;02;27;08;00;25.45;0.00;14.81;205.94
2019;02;27;09;00;27.60;0.00;16.08;214.05
2019;02;27;10;00;29.64;0.00;15.07;220.16
2019;02;27;11;00;31.47;0.00;13.78;220.76
2019;02;27;12;00;32.99;0.00;12.98;226.12
2019;02;27;13;00;34.24;0.00;11.25;230.19
2019;02;27;14;00;34.81;0.00;9.45;229.64
2019;02;27;15;00;35.08;0.00;9.96;220.60
2019;02;27;16;00;34.68;0.00;10.81;209.98
2019;02;27;17;00;34.20;0.00;12.65;184.90
2019;02;27;18;00;31.62;0.00;10.09;177.95
2019;02;27;19;00;29.97;0.00;10.59;162.18
2019;02;27;20;00;28.70;0.00;12.10;143.47
2019;02;27;21;00;27.51;0.00;14.77;133.03
2019;02;27;22;00;26.59;0.00;14.77;136.97
2019;02;27;23;00;25.35;0.00;10.31;155.22
2019;02;28;00;00;24.19;0.00;7.21;177.14
2019;02;28;01;00;23.46;0.00;5.86;190.62
2019;02;28;02;00;22.99;0.00;4.21;199.98
2019;02;28;03;00;22.47;0.00;3.40;212.01
2019;02;28;04;00;22.27;0.00;3.89;213.69
2019;02;28;05;00;22.15;0.00;4.58;225.00
2019;02;28;06;00;22.71;0.00;5.15;245.22
2019;02;28;07;00;24.26;0.00;7.07;255.26
2019;02;28;08;00;26.01;0.00;9.53;259.11
2019;02;28;09;00;28.23;0.00;8.65;267.61
2019;02;28;10;00;30.69;0.00;7.29;290.22
2019;02;28;11;00;32.90;0.00;5.80;299.74
2019;02;28;12;00;34.53;0.00;4.68;292.62
2019;02;28;13;00;35.63;0.00;3.88;291.80
2019;02;28;14;00;36.27;0.00;3.08;290.56
2019;02;28;15;00;36.58;0.00;2.19;279.46
2019;02;28;16;00;36.36;0.00;0.72;270.00
2019;02;28;17;00;35.36;0.00;5.15;77.91
2019;02;28;18;00;34.03;0.00;9.89;100.49
2019;02;28;19;00;32.79;0.00;16.98;111.12
2019;02;28;20;00;30.71;0.00;18.28;122.12
2019;02;28;21;00;29.15;0.00;18.19;117.07
2019;02;28;22;00;27.58;0.00;18.36;115.56
2019;02;28;23;00;26.30;0.00;13.53;118.61
2019;03;01;00;00;25.29;0.00;10.50;120.96
2019;03;01;01;00;24.29;0.00;7.59;121.43
2019;03;01;02;00;23.58;0.00;5.63;116.57
2019;03;01;03;00;23.07;0.00;4.90;107.10
2019;03;01;04;00;22.49;0.00;5.15;102.09
2019;03;01;05;00;21.98;0.00;5.05;94.09
2019;03;01;06;00;21.54;0.00;4.32;90.00
2019;03;01;07;00;23.55;0.00;3.60;90.00
2019;03;01;08;00;26.04;0.00;1.94;111.80
2019;03;01;09;00;28.36;0.00;2.74;156.80
2019;03;01;10;00;30.47;0.00;4.35;155.56
2019;03;01;11;00;32.11;0.00;6.37;132.71
2019;03;01;12;00;33.61;0.00;8.09;122.28
2019;03;01;13;00;34.63;0.00;9.66;116.57
2019;03;01;14;00;35.39;0.00;11.73;107.88
2019;03;01;15;00;35.56;0.00;13.71;103.67
2019;03;01;16;00;35.17;0.00;17.23;100.84
2019;03;01;17;00;34.75;0.00;16.60;102.53
2019;03;01;18;00;32.28;0.00;17.90;105.15
2019;03;01;19;00;30.44;0.00;23.94;102.15
2019;03;01;20;00;28.09;0.00;26.34;100.23
2019;03;01;21;00;26.39;0.00;23.18;96.24
2019;03;01;22;00;25.05;0.00;20.96;94.93
2019;03;01;23;00;24.06;0.00;18.39;93.37
2019;03;02;00;00;23.34;0.00;15.48;91.33
2019;03;02;01;00;22.68;0.00;12.96;91.59
2019;03;02;02;00;22.01;0.00;11.17;91.85
2019;03;02;03;00;21.31;0.00;9.73;92.12
2019;03;02;04;00;21.03;0.00;9.01;92.29
2019;03;02;05;00;20.90;0.00;7.93;92.60
2019;03;02;06;00;20.55;0.00;6.49;93.18
2019;03;02;07;00;22.59;0.00;8.65;92.39
2019;03;02;08;00;24.43;0.00;10.81;91.91
2019;03;02;09;00;27.21;0.00;13.44;97.70
2019;03;02;10;00;29.65;0.00;14.21;98.75
2019;03;02;11;00;31.71;0.00;14.97;99.69
2019;03;02;12;00;33.27;0.00;16.75;98.65
2019;03;02;13;00;34.30;0.00;18.81;95.49
2019;03;02;14;00;34.73;0.00;20.57;94.01
2019;03;02;15;00;34.55;0.00;21.61;91.91
2019;03;02;16;00;33.85;0.00;21.97;91.88
2019;03;02;17;00;32.96;0.00;22.10;96.55
2019;03;02;18;00;30.51;0.00;21.43;97.72
2019;03;02;19;00;28.88;0.00;23.73;99.61
2019;03;02;20;00;27.11;0.00;24.50;100.15
2019;03;02;21;00;25.57;0.00;21.43;97.72
2019;03;02;22;00;24.41;0.00;18.06;94.57
2019;03;02;23;00;23.37;0.00;14.76;90.00
2019;03;03;00;00;22.34;0.00;10.85;84.29
2019;03;03;01;00;21.38;0.00;8.05;79.70
2019;03;03;02;00;20.61;0.00;6.03;72.65
2019;03;03;03;00;19.91;0.00;5.00;59.74
2019;03;03;04;00;19.59;0.00;4.61;51.34
2019;03;03;05;00;20.47;0.00;4.33;41.63
2019;03;03;06;00;20.24;0.00;4.69;32.47
2019;03;03;07;00;20.76;0.00;4.69;32.47
2019;03;03;08;00;23.25;0.00;4.07;45.00
2019;03;03;09;00;26.72;0.00;3.96;90.00
2019;03;03;10;00;29.34;0.00;6.49;109.44
2019;03;03;11;00;31.44;0.00;7.42;112.83
2019;03;03;12;00;33.04;0.00;7.86;105.95
2019;03;03;13;00;34.14;0.00;8.71;97.13
2019;03;03;14;00;34.86;0.00;10.85;84.29
2019;03;03;15;00;34.95;0.00;13.91;79.56
2019;03;03;16;00;34.47;0.00;15.99;82.23
2019;03;03;17;00;33.63;0.00;18.37;92.25
2019;03;03;18;00;31.35;0.00;15.50;92.66
2019;03;03;19;00;29.90;0.00;15.16;94.09
2019;03;03;20;00;28.60;0.00;21.13;98.82
2019;03;03;21;00;26.65;0.00;18.53;97.82
2019;03;03;22;00;25.31;0.00;15.50;92.66
2019;03;03;23;00;24.85;0.00;12.96;90.00
2019;03;04;00;00;24.34;0.00;9.01;87.71
2019;03;04;01;00;23.06;0.00;4.69;85.60
2019;03;04;02;00;22.60;0.00;1.84;78.69
2019;03;04;03;00;22.35;0.00;0.72;360.00
2019;03;04;04;00;22.03;0.00;1.02;315.00
2019;03;04;05;00;21.64;0.00;1.80;323.13
2019;03;04;06;00;21.10;0.00;2.81;309.81
2019;03;04;07;00;22.95;0.00;3.26;276.34
2019;03;04;08;00;25.15;0.00;5.69;235.30
2019;03;04;09;00;27.64;0.00;7.99;215.84
2019;03;04;10;00;29.93;0.00;8.22;208.81
2019;03;04;11;00;31.97;0.00;8.09;200.85
2019;03;04;12;00;33.69;0.00;6.92;188.97
2019;03;04;13;00;35.11;0.00;4.51;151.39
2019;03;04;14;00;36.00;0.00;5.96;115.02
2019;03;04;15;00;36.36;0.00;7.63;109.29
2019;03;04;16;00;36.16;0.00;9.45;107.74
2019;03;04;17;00;35.31;0.00;9.69;121.33
2019;03;04;18;00;32.90;0.00;8.67;131.63
2019;03;04;19;00;30.96;0.00;10.18;135.00
2019;03;04;20;00;29.61;0.00;12.74;137.29
2019;03;04;21;00;28.35;0.00;12.77;130.43
2019;03;04;22;00;27.06;0.00;12.74;132.71
2019;03;04;23;00;25.72;0.00;9.09;146.31
2019;03;05;00;00;24.88;0.00;7.99;187.77
2019;03;05;01;00;24.18;0.00;9.39;212.47
2019;03;05;02;00;23.40;0.00;9.29;215.54
2019;03;05;03;00;22.68;0.00;8.79;214.99
2019;03;05;04;00;22.03;0.00;7.70;217.41
2019;03;05;05;00;21.56;0.00;6.88;222.88
2019;03;05;06;00;21.31;0.00;6.64;229.40
2019;03;05;07;00;23.47;0.00;7.93;230.53
2019;03;05;08;00;26.07;0.00;10.50;239.04
2019;03;05;09;00;28.90;0.00;10.48;254.05
2019;03;05;10;00;31.64;0.00;11.18;255.07
2019;03;05;11;00;33.64;0.00;10.50;247.83
2019;03;05;12;00;35.17;0.00;8.05;259.70
2019;03;05;13;00;36.22;0.00;5.45;262.41
2019;03;05;14;00;37.00;0.00;4.21;250.02
2019;03;05;15;00;37.21;0.00;4.20;239.04
2019;03;05;16;00;36.88;0.00;5.09;225.00
2019;03;05;17;00;35.98;0.00;9.69;201.80
2019;03;05;18;00;33.50;0.00;8.77;199.18
2019;03;05;19;00;32.16;0.00;8.56;194.62
2019;03;05;20;00;31.13;0.00;8.28;180.00
2019;03;05;21;00;29.75;0.00;9.51;150.52
2019;03;05;22;00;28.29;0.00;10.63;151.70
2019;03;05;23;00;27.38;0.00;10.90;187.59
2019;03;06;00;00;26.46;0.00;11.04;199.03
2019;03;06;01;00;25.47;0.00;9.83;203.75
2019;03;06;02;00;24.58;0.00;9.34;207.55
2019;03;06;03;00;23.90;0.00;9.39;212.47
2019;03;06;04;00;23.27;0.00;9.00;216.87
2019;03;06;05;00;22.57;0.00;8.44;219.81
2019;03;06;06;00;21.99;0.00;8.16;221.42
2019;03;06;07;00;24.47;0.00;9.93;226.47
2019;03;06;08;00;27.29;0.00;14.06;256.68
2019;03;06;09;00;30.18;0.00;14.21;261.25
2019;03;06;10;00;33.13;0.00;13.40;263.83
2019;03;06;11;00;35.39;0.00;11.57;264.64
2019;03;06;12;00;37.05;0.00;9.78;263.66
2019;03;06;13;00;37.88;0.00;8.35;262.57
2019;03;06;14;00;38.31;0.00;7.42;255.96
2019;03;06;15;00;38.25;0.00;7.09;246.04
2019;03;06;16;00;37.87;0.00;6.99;235.49
2019;03;06;17;00;37.01;0.00;5.40;180.00
2019;03;06;18;00;34.85;0.00;6.85;176.99
2019;03;06;19;00;33.32;0.00;9.06;173.16
2019;03;06;20;00;32.99;0.00;10.74;166.43
2019;03;06;21;00;31.89;0.00;11.97;158.84
2019;03;06;22;00;30.07;0.00;13.20;169.00
2019;03;06;23;00;28.83;0.00;13.98;191.89
2019;03;07;00;00;27.76;0.00;14.46;198.89
2019;03;07;01;00;26.68;0.00;13.36;194.04
2019;03;07;02;00;25.73;0.00;10.83;195.42
2019;03;07;03;00;24.96;0.00;9.36;202.62
2019;03;07;04;00;24.18;0.00;9.02;208.61
2019;03;07;05;00;23.54;0.00;8.89;211.76
2019;03;07;06;00;22.93;0.00;9.09;213.69
2019;03;07;07;00;25.02;0.00;12.48;213.23
2019;03;07;08;00;27.90;0.00;14.90;217.15
2019;03;07;09;00;30.64;0.00;16.64;218.85
2019;03;07;10;00;33.11;0.00;16.99;216.38
2019;03;07;11;00;34.99;0.00;16.58;214.38
2019;03;07;12;00;36.55;0.00;14.08;212.47
2019;03;07;13;00;37.65;0.00;11.61;209.74
2019;03;07;14;00;38.29;0.00;9.98;205.64
2019;03;07;15;00;38.49;0.00;9.50;204.62
2019;03;07;16;00;38.18;0.00;9.90;199.09
2019;03;07;17;00;37.46;0.00;9.96;192.53
2019;03;07;18;00;34.77;0.00;9.37;182.20
2019;03;07;19;00;33.21;0.00;10.82;176.19
2019;03;07;20;00;31.90;0.00;13.01;165.58
2019;03;07;21;00;30.49;0.00;19.69;149.22
2019;03;07;22;00;28.85;0.00;17.46;171.70
2019;03;07;23;00;27.74;0.00;11.30;202.48
2019;03;08;00;00;26.77;0.00;8.05;206.57
2019;03;08;01;00;26.06;0.00;7.93;182.60
2019;03;08;02;00;25.41;0.00;8.40;170.13
2019;03;08;03;00;24.56;0.00;7.24;174.29
2019;03;08;04;00;24.00;0.00;5.04;180.00
2019;03;08;05;00;23.56;0.00;2.88;180.00
2019;03;08;06;00;23.14;0.00;1.44;180.00
2019;03;08;07;00;25.19;0.00;1.14;198.43
2019;03;08;08;00;27.95;0.00;6.38;196.39
2019;03;08;09;00;30.40;0.00;9.89;190.49
2019;03;08;10;00;32.59;0.00;11.61;187.13
2019;03;08;11;00;34.21;0.00;13.08;187.91
2019;03;08;12;00;35.75;0.00;12.32;186.71
2019;03;08;13;00;36.72;0.00;10.09;182.05
2019;03;08;14;00;37.30;0.00;8.29;177.51
2019;03;08;15;00;37.50;0.00;6.52;173.66
2019;03;08;16;00;37.15;0.00;6.03;162.65
2019;03;08;17;00;36.44;0.00;7.42;194.04
2019;03;08;18;00;34.14;0.00;11.59;115.77
2019;03;08;19;00;32.38;0.00;16.12;119.43
2019;03;08;20;00;30.98;0.00;17.39;117.10
2019;03;08;21;00;29.67;0.00;18.67;109.13
2019;03;08;22;00;28.53;0.00;16.30;133.21
2019;03;08;23;00;27.36;0.00;12.03;141.07
2019;03;09;00;00;26.42;0.00;9.73;128.99
2019;03;09;01;00;26.27;0.50;9.66;116.57
2019;03;09;02;00;25.86;0.40;9.00;106.26
2019;03;09;03;00;25.46;0.40;7.56;90.00
2019;03;09;04;00;24.98;0.30;6.12;90.00
2019;03;09;05;00;24.57;0.00;5.76;90.00
2019;03;09;06;00;24.01;0.00;4.32;90.00
2019;03;09;07;00;25.49;0.00;3.67;101.31
2019;03;09;08;00;27.39;0.00;4.55;161.57
2019;03;09;09;00;29.44;0.00;7.57;182.73
2019;03;09;10;00;31.30;0.00;10.11;184.09
2019;03;09;11;00;32.99;0.00;9.42;173.42
2019;03;09;12;00;34.24;0.00;6.30;149.04
2019;03;09;13;00;35.01;0.00;6.64;130.60
2019;03;09;14;00;35.64;0.00;8.09;122.28
2019;03;09;15;00;35.80;0.00;9.98;115.64
2019;03;09;16;00;35.40;0.00;12.90;120.14
2019;03;09;17;00;34.49;0.00;13.89;121.22
2019;03;09;18;00;32.32;0.00;12.59;120.96
2019;03;09;19;00;30.87;0.00;13.78;123.27
2019;03;09;20;00;30.57;0.00;13.68;125.36
2019;03;09;21;00;28.68;0.00;12.41;119.54
2019;03;09;22;00;27.28;0.00;11.44;114.15
2019;03;09;23;00;26.17;0.00;9.69;111.80
