Year;Month;Day;Hour;Minute;Temperature  [2 m above gnd];Total Precipitation (high resolution)  [sfc];Wind Speed  [10 m above gnd];Wind Direction  [10 m above gnd]
2019;02;06;00;00;23.88;0.00;11.46;46.27
2019;02;06;01;00;23.15;0.00;10.69;32.62
2019;02;06;02;00;22.40;0.00;10.03;21.04
2019;02;06;03;00;21.80;0.00;10.83;15.42
2019;02;06;04;00;21.48;0.00;11.62;16.19
2019;02;06;05;00;20.98;0.00;11.38;18.43
2019;02;06;06;00;20.56;0.00;11.50;20.14
2019;02;06;07;00;22.51;0.00;13.24;22.38
2019;02;06;08;00;24.73;0.00;15.78;27.15
2019;02;06;09;00;26.86;0.00;15.28;34.44
2019;02;06;10;00;28.88;0.00;14.76;45.00
2019;02;06;11;00;30.93;0.00;15.19;58.57
2019;02;06;12;00;32.29;0.00;16.26;62.30
2019;02;06;13;00;33.23;0.00;17.24;61.29
2019;02;06;14;00;33.82;0.00;17.07;62.35
2019;02;06;15;00;34.00;0.00;17.40;65.56
2019;02;06;16;00;33.68;0.00;17.65;69.72
2019;02;06;17;00;32.89;0.00;19.16;84.61
2019;02;06;18;00;30.66;0.00;19.85;94.16
2019;02;06;19;00;28.59;0.00;21.79;97.59
2019;02;06;20;00;27.03;0.00;19.81;92.08
2019;02;06;21;00;25.84;0.00;17.02;83.93
2019;02;06;22;00;24.81;0.00;13.01;75.58
2019;02;06;23;00;23.67;0.00;8.37;64.54
2019;02;07;00;00;22.91;0.00;6.64;40.60
2019;02;07;01;00;22.43;0.00;6.73;15.52
2019;02;07;02;00;21.94;0.00;6.88;6.01
2019;02;07;03;00;21.56;0.00;6.85;3.01
2019;02;07;04;00;21.25;0.00;7.42;14.04
2019;02;07;05;00;21.02;0.00;8.43;19.98
2019;02;07;06;00;20.62;0.00;8.89;21.37
2019;02;07;07;00;22.15;0.00;9.03;23.50
2019;02;07;08;00;24.62;0.00;11.59;36.16
2019;02;07;09;00;26.74;0.00;12.26;49.76
2019;02;07;10;00;28.76;0.00;12.90;59.86
2019;02;07;11;00;30.82;0.00;12.90;67.01
2019;02;07;12;00;32.44;0.00;13.21;72.55
2019;02;07;13;00;33.52;0.00;13.71;76.33
2019;02;07;14;00;34.13;0.00;13.63;77.80
2019;02;07;15;00;34.33;0.00;13.49;80.79
2019;02;07;16;00;34.10;0.00;14.11;84.14
2019;02;07;17;00;33.20;0.00;19.83;105.80
2019;02;07;18;00;30.50;0.00;20.04;107.78
2019;02;07;19;00;28.48;0.00;19.91;102.53
2019;02;07;20;00;27.10;0.00;16.94;92.44
2019;02;07;21;00;25.97;0.00;13.40;83.83
2019;02;07;22;00;24.86;0.00;9.45;72.26
2019;02;07;23;00;23.97;0.00;6.79;57.99
2019;02;08;00;00;23.56;0.00;5.19;33.69
2019;02;08;01;00;23.07;0.00;5.09;8.13
2019;02;08;02;00;22.67;0.00;5.76;360.00
2019;02;08;03;00;22.29;0.00;6.12;360.00
2019;02;08;04;00;22.00;0.00;6.12;360.00
2019;02;08;05;00;21.73;0.00;6.84;360.00
2019;02;08;06;00;21.51;0.00;7.21;357.14
2019;02;08;07;00;23.31;0.00;7.20;360.00
2019;02;08;08;00;25.78;0.00;6.92;27.90
2019;02;08;09;00;27.88;0.00;7.29;57.09
2019;02;08;10;00;28.89;0.00;6.99;78.11
2019;02;08;11;00;31.28;0.00;6.12;90.00
2019;02;08;12;00;32.74;0.00;6.49;93.18
2019;02;08;13;00;33.97;0.00;6.16;96.71
2019;02;08;14;00;34.87;0.00;7.34;101.31
2019;02;08;15;00;35.26;0.00;8.77;109.18
2019;02;08;16;00;35.05;0.00;10.95;117.41
2019;02;08;17;00;34.04;0.00;15.00;120.26
2019;02;08;18;00;31.99;0.00;16.30;120.53
2019;02;08;19;00;30.24;0.00;20.19;121.14
2019;02;08;20;00;28.60;0.00;17.78;121.76
2019;02;08;21;00;27.37;0.00;13.40;120.70
2019;02;08;22;00;26.36;0.00;7.99;125.84
2019;02;08;23;00;25.74;0.00;5.12;140.71
2019;02;09;00;00;25.44;0.00;3.32;167.47
2019;02;09;01;00;25.25;0.00;1.84;191.31
2019;02;09;02;00;24.79;0.00;1.08;180.00
2019;02;09;03;00;24.38;0.00;0.80;116.57
2019;02;09;04;00;24.87;0.00;1.08;90.00
2019;02;09;05;00;24.86;0.00;1.48;75.96
2019;02;09;06;00;24.78;0.00;1.80;53.13
2019;02;09;07;00;25.32;0.00;2.31;38.66
2019;02;09;08;00;26.68;0.00;3.60;53.13
2019;02;09;09;00;28.60;0.00;6.15;69.44
2019;02;09;10;00;30.37;0.00;6.73;74.48
2019;02;09;11;00;31.97;0.00;6.88;83.99
2019;02;09;12;00;33.35;0.00;7.92;90.00
2019;02;09;13;00;34.40;0.00;9.03;94.57
2019;02;09;14;00;34.86;0.00;10.14;106.50
2019;02;09;15;00;35.05;0.00;10.83;111.45
2019;02;09;16;00;34.62;0.00;12.59;120.96
2019;02;09;17;00;30.17;0.10;13.49;133.92
2019;02;09;18;00;28.53;0.00;9.93;136.47
2019;02;09;19;00;27.65;0.00;9.96;139.40
2019;02;09;20;00;26.83;0.00;10.95;133.67
2019;02;09;21;00;25.93;0.00;10.88;124.22
2019;02;09;22;00;25.12;0.00;9.03;113.50
2019;02;09;23;00;24.42;0.00;6.73;105.52
2019;02;10;00;00;24.08;0.00;5.05;94.09
2019;02;10;01;00;23.71;0.00;4.21;70.02
2019;02;10;02;00;23.32;0.00;4.39;34.99
2019;02;10;03;00;23.72;0.00;5.35;42.27
2019;02;10;04;00;23.85;0.00;5.40;53.13
2019;02;10;05;00;23.75;0.00;5.40;53.13
2019;02;10;06;00;23.77;0.00;5.09;45.00
2019;02;10;07;00;24.40;0.00;6.11;45.00
2019;02;10;08;00;25.38;0.00;8.29;55.62
2019;02;10;09;00;28.01;0.00;10.00;59.74
2019;02;10;10;00;30.16;0.00;9.69;58.67
2019;02;10;11;00;31.85;0.00;9.39;57.53
2019;02;10;12;00;33.30;0.00;11.97;68.84
2019;02;10;13;00;33.40;0.00;13.91;68.75
2019;02;10;14;00;33.97;0.00;14.24;69.27
2019;02;10;15;00;34.60;0.00;14.93;74.62
2019;02;10;16;00;34.31;0.00;16.52;78.69
2019;02;10;17;00;32.66;0.00;19.48;106.09
2019;02;10;18;00;30.36;0.00;20.38;107.47
2019;02;10;19;00;28.65;0.00;20.42;99.13
2019;02;10;20;00;27.35;0.00;18.36;90.00
2019;02;10;21;00;26.35;0.00;15.99;82.23
2019;02;10;22;00;25.50;0.00;14.46;71.11
2019;02;10;23;00;24.69;0.00;13.22;60.64
2019;02;11;00;00;23.93;0.00;10.97;48.99
2019;02;11;01;00;23.21;0.00;9.89;33.11
2019;02;11;02;00;22.58;0.00;9.36;22.62
2019;02;11;03;00;22.95;0.00;12.30;20.56
2019;02;11;04;00;23.07;0.00;12.90;22.99
2019;02;11;05;00;23.01;0.00;13.10;20.92
2019;02;11;06;00;23.00;0.00;13.78;19.86
2019;02;11;07;00;23.44;0.00;17.23;26.03
2019;02;11;08;00;24.23;0.00;19.88;31.68
2019;02;11;09;00;26.59;0.00;20.59;36.47
2019;02;11;10;00;28.97;0.00;21.39;43.64
2019;02;11;11;00;30.74;0.00;20.97;50.57
2019;02;11;12;00;32.11;0.00;21.67;57.89
2019;02;11;13;00;33.15;0.00;22.71;64.65
2019;02;11;14;00;33.69;0.00;22.74;66.68
2019;02;11;15;00;33.92;0.00;23.13;69.03
2019;02;11;16;00;33.35;0.00;24.63;74.74
2019;02;11;17;00;32.57;0.00;25.32;75.17
2019;02;11;18;00;30.40;0.00;23.02;80.10
2019;02;11;19;00;28.72;0.00;21.05;77.15
2019;02;11;20;00;27.43;0.00;20.61;70.62
2019;02;11;21;00;26.36;0.00;20.93;63.43
2019;02;11;22;00;25.28;0.00;19.59;53.97
2019;02;11;23;00;24.32;0.00;18.08;45.81
2019;02;12;00;00;23.52;0.00;16.08;34.05
2019;02;12;01;00;22.83;0.00;15.94;25.41
2019;02;12;02;00;22.26;0.00;16.42;26.00
2019;02;12;03;00;21.79;0.00;16.52;20.41
2019;02;12;04;00;21.47;0.00;17.21;15.78
2019;02;12;05;00;21.24;0.00;18.56;18.08
2019;02;12;06;00;21.09;0.00;18.79;16.70
2019;02;12;07;00;22.57;0.00;20.97;15.95
2019;02;12;08;00;24.91;0.00;23.60;21.48
2019;02;12;09;00;27.03;0.00;24.97;28.41
2019;02;12;10;00;28.99;0.00;24.29;39.59
2019;02;12;11;00;30.71;0.00;23.78;50.53
2019;02;12;12;00;32.14;0.00;24.77;57.46
2019;02;12;13;00;33.19;0.00;25.46;61.26
2019;02;12;14;00;33.78;0.00;25.77;65.22
2019;02;12;15;00;33.59;0.00;27.01;68.91
2019;02;12;16;00;32.98;0.00;27.66;71.80
2019;02;12;17;00;32.02;0.00;28.99;75.62
2019;02;12;18;00;29.81;0.00;24.72;73.94
2019;02;12;19;00;28.42;0.00;22.09;70.97
2019;02;12;20;00;27.24;0.00;21.90;62.59
2019;02;12;21;00;26.10;0.00;21.68;54.46
2019;02;12;22;00;25.02;0.00;20.37;46.43
2019;02;12;23;00;24.09;0.00;18.95;38.83
2019;02;13;00;00;23.17;0.00;17.48;32.38
2019;02;13;01;00;22.38;0.00;16.60;24.34
2019;02;13;02;00;21.76;0.00;15.83;17.20
2019;02;13;03;00;21.27;0.00;15.39;10.78
2019;02;13;04;00;20.82;0.00;15.23;6.79
2019;02;13;05;00;20.38;0.00;15.16;4.09
2019;02;13;06;00;19.99;0.00;14.80;4.18
2019;02;13;07;00;22.09;0.00;17.82;8.13
2019;02;13;08;00;25.39;0.00;23.26;21.80
2019;02;13;09;00;27.64;0.00;24.51;29.95
2019;02;13;10;00;29.59;0.00;23.69;36.35
2019;02;13;11;00;31.37;0.00;22.93;42.46
2019;02;13;12;00;32.74;0.00;24.34;51.60
2019;02;13;13;00;33.53;0.00;25.26;57.22
2019;02;13;14;00;33.81;0.00;25.01;59.74
2019;02;13;15;00;33.76;0.00;24.65;61.19
2019;02;13;16;00;33.29;0.00;24.15;63.43
2019;02;13;17;00;32.31;0.00;24.87;67.89
2019;02;13;18;00;30.15;0.00;20.39;69.33
2019;02;13;19;00;28.63;0.00;18.21;71.57
2019;02;13;20;00;27.43;0.00;17.25;66.64
2019;02;13;21;00;26.33;0.00;16.68;57.34
2019;02;13;22;00;25.35;0.00;16.56;47.64
2019;02;13;23;00;24.37;0.00;15.63;38.45
2019;02;14;00;00;23.42;0.00;14.88;32.15
2019;02;14;01;00;22.62;0.00;14.01;25.91
2019;02;14;02;00;21.93;0.00;13.32;18.92
2019;02;14;03;00;21.42;0.00;13.01;14.42
2019;02;14;04;00;21.09;0.00;12.85;11.31
2019;02;14;05;00;20.83;0.00;13.08;7.91
2019;02;14;06;00;20.55;0.00;13.36;4.64
2019;02;14;07;00;22.37;0.00;15.19;5.44
2019;02;14;08;00;25.66;0.00;18.92;21.19
2019;02;14;09;00;27.95;0.00;19.38;35.17
2019;02;14;10;00;29.88;0.00;18.86;48.09
2019;02;14;11;00;31.41;0.00;18.28;57.88
2019;02;14;12;00;32.48;0.00;18.03;63.95
2019;02;14;13;00;32.93;0.00;19.47;70.56
2019;02;14;14;00;32.83;0.00;19.48;73.91
2019;02;14;15;00;32.56;0.00;19.73;75.20
2019;02;14;16;00;31.87;0.00;19.21;77.01
2019;02;14;17;00;31.80;0.00;19.81;87.92
2019;02;14;18;00;29.94;0.00;16.92;90.00
2019;02;14;19;00;29.37;0.20;16.20;91.27
2019;02;14;20;00;28.00;0.00;16.24;93.81
2019;02;14;21;00;26.74;0.00;15.48;90.00
2019;02;14;22;00;25.89;0.00;13.85;81.03
2019;02;14;23;00;25.23;0.00;12.18;71.03
2019;02;15;00;00;24.62;0.00;10.00;59.74
2019;02;15;01;00;23.97;0.00;8.67;48.37
2019;02;15;02;00;23.40;0.00;7.99;35.84
2019;02;15;03;00;22.91;0.00;7.90;30.07
2019;02;15;04;00;22.51;0.00;8.05;26.57
2019;02;15;05;00;23.46;0.00;8.85;26.57
2019;02;15;06;00;23.50;0.00;8.05;26.57
2019;02;15;07;00;24.16;0.00;8.79;34.99
2019;02;15;08;00;25.16;0.00;9.93;46.47
2019;02;15;09;00;27.21;0.00;10.69;45.00
2019;02;15;10;00;28.97;0.00;11.71;45.00
2019;02;15;11;00;30.58;0.00;10.69;57.38
2019;02;15;12;00;32.09;0.00;10.83;68.55
2019;02;15;13;00;33.01;0.00;11.18;75.07
2019;02;15;14;00;33.68;0.00;11.79;77.66
2019;02;15;15;00;33.85;0.00;12.62;86.73
2019;02;15;16;00;33.52;0.00;12.98;93.18
2019;02;15;17;00;32.75;0.00;16.75;98.65
2019;02;15;18;00;30.89;0.00;15.89;103.09
2019;02;15;19;00;29.50;0.00;19.14;106.39
2019;02;15;20;00;27.94;0.00;18.86;103.24
2019;02;15;21;00;26.91;0.00;15.63;97.94
2019;02;15;22;00;26.09;0.00;11.89;91.74
2019;02;15;23;00;25.36;0.00;8.29;87.51
2019;02;16;00;00;24.73;0.00;5.51;78.69
2019;02;16;01;00;24.40;0.00;4.20;59.04
2019;02;16;02;00;24.03;0.00;3.42;18.43
2019;02;16;03;00;24.59;0.00;3.32;12.53
2019;02;16;04;00;24.46;0.00;3.08;20.56
2019;02;16;05;00;24.24;0.00;3.32;12.53
2019;02;16;06;00;24.01;0.00;3.98;5.19
2019;02;16;07;00;24.63;0.00;4.02;10.30
2019;02;16;08;00;26.45;0.00;3.08;20.56
2019;02;16;09;00;28.56;0.00;2.97;75.96
2019;02;16;10;00;30.60;0.00;3.62;95.71
2019;02;16;11;00;32.30;0.00;3.42;108.43
2019;02;16;12;00;33.71;0.00;4.35;114.44
2019;02;16;13;00;34.89;0.00;5.48;113.20
2019;02;16;14;00;35.32;0.00;6.49;123.69
2019;02;16;15;00;35.50;0.00;6.64;130.60
2019;02;16;16;00;35.27;0.00;7.90;136.85
2019;02;16;17;00;34.29;0.00;12.30;159.44
2019;02;16;18;00;32.51;0.00;12.30;159.44
2019;02;16;19;00;32.13;0.00;17.56;151.86
2019;02;16;20;00;29.89;0.00;18.97;146.61
2019;02;16;21;00;28.36;0.00;16.14;141.34
2019;02;16;22;00;27.61;0.00;12.82;141.84
2019;02;16;23;00;26.93;0.00;10.14;152.53
2019;02;17;00;00;26.15;0.00;6.85;176.99
2019;02;17;01;00;25.59;0.00;5.48;203.20
2019;02;17;02;00;25.26;0.00;5.09;225.00
2019;02;17;03;00;24.93;0.00;4.69;237.53
2019;02;17;04;00;24.54;0.00;3.89;236.31
2019;02;17;05;00;24.30;0.00;3.05;225.00
2019;02;17;06;00;24.09;0.00;1.48;194.04
2019;02;17;07;00;25.37;0.00;1.08;180.00
2019;02;17;08;00;27.26;0.00;1.80;180.00
2019;02;17;09;00;28.33;0.00;2.97;165.96
2019;02;17;10;00;30.69;0.00;3.32;139.40
2019;02;17;11;00;32.38;0.00;2.90;150.26
2019;02;17;12;00;33.63;0.00;2.10;149.04
2019;02;17;13;00;34.56;0.00;2.10;149.04
2019;02;17;14;00;34.93;0.00;2.90;150.26
2019;02;17;15;00;35.11;0.00;3.42;161.57
2019;02;17;16;00;34.84;0.00;4.02;169.70
2019;02;17;17;00;34.37;0.00;10.48;164.05
2019;02;17;18;00;33.07;0.00;11.79;167.66
2019;02;17;19;00;32.06;0.00;17.65;163.41
2019;02;17;20;00;29.33;0.00;21.27;156.04
2019;02;17;21;00;27.66;0.00;18.04;151.39
2019;02;17;22;00;27.02;0.00;13.71;156.80
2019;02;17;23;00;26.46;0.00;10.83;164.58
2019;02;18;00;00;25.95;0.00;7.64;171.87
2019;02;18;01;00;25.41;0.00;6.88;173.99
2019;02;18;02;00;25.90;0.00;6.85;176.99
2019;02;18;03;00;25.67;0.00;5.05;175.91
2019;02;18;04;00;25.56;0.00;3.42;161.57
2019;02;18;05;00;25.49;0.00;2.31;141.34
2019;02;18;06;00;25.43;0.00;2.19;99.46
2019;02;18;07;00;25.86;0.00;2.88;90.00
2019;02;18;08;00;26.29;0.00;4.39;124.99
2019;02;18;09;00;26.86;0.00;5.00;120.26
2019;02;18;10;00;29.32;0.00;4.69;94.40
2019;02;18;11;00;31.52;0.00;4.69;122.47
2019;02;18;12;00;33.03;0.00;5.99;147.26
2019;02;18;13;00;34.01;0.00;6.61;150.64
2019;02;18;14;00;34.61;0.00;8.59;146.98
2019;02;18;15;00;34.50;0.00;11.02;141.63
2019;02;18;16;00;34.05;0.00;13.39;143.75
2019;02;18;17;00;33.81;0.00;13.22;150.64
2019;02;18;18;00;32.00;0.00;12.78;147.65
2019;02;18;19;00;30.94;0.00;14.98;144.78
2019;02;18;20;00;29.50;0.00;17.28;144.32
2019;02;18;21;00;28.04;0.00;16.08;145.95
2019;02;18;22;00;27.13;0.00;12.56;152.70
2019;02;18;23;00;26.42;0.00;9.11;161.57
2019;02;19;00;00;25.74;0.00;6.57;170.54
2019;02;19;01;00;26.37;0.00;7.57;177.27
2019;02;19;02;00;25.95;0.00;5.41;183.81
2019;02;19;03;00;25.75;0.00;3.98;185.19
2019;02;19;04;00;25.51;0.00;3.42;161.57
2019;02;19;05;00;25.24;0.00;2.81;140.19
2019;02;19;06;00;25.03;0.00;2.31;128.66
2019;02;19;07;00;25.72;0.00;1.80;126.87
2019;02;19;08;00;27.25;0.00;2.60;146.31
2019;02;19;09;00;29.45;0.00;3.89;146.31
2019;02;19;10;00;31.05;0.00;6.62;135.00
2019;02;19;11;00;32.63;0.00;7.70;127.41
2019;02;19;12;00;34.02;0.00;9.02;118.61
2019;02;19;13;00;35.05;0.00;10.83;111.45
2019;02;19;14;00;35.53;0.00;11.97;105.71
2019;02;19;15;00;35.72;0.00;12.85;101.31
2019;02;19;16;00;35.35;0.00;14.69;101.31
2019;02;19;17;00;32.63;0.00;13.90;106.56
2019;02;19;18;00;30.92;0.00;11.97;105.71
2019;02;19;19;00;29.87;0.00;13.80;105.12
2019;02;19;20;00;28.57;0.00;16.45;100.08
2019;02;19;21;00;27.40;0.00;15.48;91.33
2019;02;19;22;00;26.38;0.00;13.44;82.30
2019;02;19;23;00;25.37;0.00;11.62;73.81
2019;02;20;00;00;24.48;0.00;9.50;65.38
2019;02;20;01;00;24.77;0.00;9.83;61.56
2019;02;20;02;00;24.60;0.00;9.02;61.39
2019;02;20;03;00;24.62;0.00;7.42;67.17
2019;02;20;04;00;24.61;0.00;6.61;60.64
2019;02;20;05;00;23.88;0.00;6.41;51.84
2019;02;20;06;00;23.91;0.00;5.99;32.74
2019;02;20;07;00;25.32;0.00;8.44;39.81
2019;02;20;08;00;27.13;0.00;13.78;56.73
2019;02;20;09;00;29.10;0.00;15.78;62.85
2019;02;20;10;00;30.95;0.00;18.20;65.46
2019;02;20;11;00;32.50;0.00;20.00;66.67
2019;02;20;12;00;33.82;0.00;21.07;70.02
2019;02;20;13;00;34.86;0.00;21.92;75.74
2019;02;20;14;00;35.20;0.00;23.22;82.87
2019;02;20;15;00;34.70;0.00;25.57;88.39
2019;02;20;16;00;33.74;0.00;26.64;89.23
2019;02;20;17;00;32.18;0.00;26.66;87.68
2019;02;20;18;00;29.91;0.00;21.99;87.18
2019;02;20;19;00;28.45;0.00;18.72;90.00
2019;02;20;20;00;27.17;0.00;16.24;86.19
2019;02;20;21;00;25.95;0.00;13.28;77.47
2019;02;20;22;00;24.76;0.00;10.64;66.04
2019;02;20;23;00;23.76;0.00;8.94;49.90
