Year;Month;Day;Hour;Minute;Temperature  [2 m above gnd];Total Precipitation (high resolution)  [sfc];Wind Speed  [10 m above gnd];Wind Direction  [10 m above gnd]
2019;02;06;00;00;24.00;0.00;8.91;43.36
2019;02;06;01;00;23.55;0.00;9.02;28.61
2019;02;06;02;00;24.38;0.00;10.59;17.82
2019;02;06;03;00;24.56;0.00;13.10;15.95
2019;02;06;04;00;24.58;0.00;14.24;16.14
2019;02;06;05;00;24.52;0.00;15.03;16.70
2019;02;06;06;00;24.25;0.00;15.19;13.71
2019;02;06;07;00;24.75;0.00;17.11;14.62
2019;02;06;08;00;26.19;0.00;17.32;20.70
2019;02;06;09;00;27.75;0.00;16.43;28.81
2019;02;06;10;00;29.65;0.00;16.08;34.05
2019;02;06;11;00;31.44;0.00;16.80;45.00
2019;02;06;12;00;32.80;0.00;18.29;53.81
2019;02;06;13;00;33.62;0.00;18.68;62.45
2019;02;06;14;00;34.02;0.00;19.19;66.80
2019;02;06;15;00;33.92;0.00;19.39;74.93
2019;02;06;16;00;33.11;0.00;20.99;84.09
2019;02;06;17;00;30.66;0.00;21.63;92.86
2019;02;06;18;00;28.43;0.00;18.13;96.84
2019;02;06;19;00;27.20;0.00;16.04;99.04
2019;02;06;20;00;26.34;0.00;12.65;94.90
2019;02;06;21;00;25.59;0.00;7.93;87.40
2019;02;06;22;00;25.18;0.00;5.35;70.35
2019;02;06;23;00;24.77;0.00;5.09;45.00
2019;02;07;00;00;24.38;0.00;5.48;23.20
2019;02;07;01;00;24.08;0.00;6.49;19.44
2019;02;07;02;00;23.72;0.00;7.29;20.22
2019;02;07;03;00;24.19;0.00;8.43;19.98
2019;02;07;04;00;23.86;0.00;9.11;18.43
2019;02;07;05;00;23.75;0.00;9.90;19.09
2019;02;07;06;00;23.63;0.00;9.53;10.89
2019;02;07;07;00;24.31;0.00;10.14;6.12
2019;02;07;08;00;25.71;0.00;11.87;14.04
2019;02;07;09;00;27.47;0.00;12.07;26.57
2019;02;07;10;00;29.20;0.00;12.54;39.17
2019;02;07;11;00;30.85;0.00;12.74;47.29
2019;02;07;12;00;32.36;0.00;13.89;58.78
2019;02;07;13;00;33.41;0.00;14.84;67.17
2019;02;07;14;00;33.88;0.00;15.03;73.30
2019;02;07;15;00;33.94;0.00;15.33;80.54
2019;02;07;16;00;33.34;0.00;16.56;88.75
2019;02;07;17;00;30.96;0.00;21.29;93.88
2019;02;07;18;00;28.93;0.00;16.66;96.20
2019;02;07;19;00;27.41;0.00;12.43;100.01
2019;02;07;20;00;26.08;0.00;7.28;98.53
2019;02;07;21;00;25.59;0.00;3.98;95.19
2019;02;07;22;00;25.24;0.00;1.02;45.00
2019;02;07;23;00;25.21;0.00;2.41;333.43
2019;02;08;00;00;24.83;0.00;3.88;338.20
2019;02;08;01;00;24.51;0.00;4.90;342.90
2019;02;08;02;00;24.19;0.00;5.94;345.96
2019;02;08;03;00;24.53;0.00;5.86;349.38
2019;02;08;04;00;24.72;0.00;7.99;352.23
2019;02;08;05;00;24.57;0.00;9.01;357.71
2019;02;08;06;00;24.25;0.00;9.73;357.88
2019;02;08;07;00;24.82;0.00;10.80;360.00
2019;02;08;08;00;26.15;0.00;12.07;10.30
2019;02;08;09;00;27.61;0.00;10.93;17.24
2019;02;08;10;00;29.12;0.00;9.51;29.48
2019;02;08;11;00;31.85;0.00;8.44;39.81
2019;02;08;12;00;33.35;0.00;8.71;60.26
2019;02;08;13;00;34.42;0.00;9.96;77.47
2019;02;08;14;00;34.86;0.00;12.25;88.32
2019;02;08;15;00;34.61;0.00;14.51;97.13
2019;02;08;16;00;33.87;0.00;17.38;103.17
2019;02;08;17;00;32.25;0.00;18.67;109.13
2019;02;08;18;00;29.64;0.00;17.88;115.02
2019;02;08;19;00;28.24;0.00;15.41;127.41
2019;02;08;20;00;27.18;0.00;13.18;145.01
2019;02;08;21;00;26.26;0.00;10.16;157.07
2019;02;08;22;00;25.49;0.00;6.73;164.48
2019;02;08;23;00;24.85;0.00;4.33;175.24
2019;02;09;00;00;24.56;0.00;2.55;188.13
2019;02;09;01;00;24.39;0.00;1.08;270.00
2019;02;09;02;00;24.22;0.00;1.94;291.80
2019;02;09;03;00;23.93;0.00;2.19;279.46
2019;02;09;04;00;23.73;0.00;2.28;288.43
2019;02;09;05;00;23.57;0.00;2.10;300.96
2019;02;09;06;00;23.42;0.00;1.80;306.87
2019;02;09;07;00;24.68;0.00;1.80;323.13
2019;02;09;08;00;27.37;0.00;2.97;14.04
2019;02;09;09;00;28.57;0.00;5.62;39.81
2019;02;09;10;00;29.67;0.00;6.99;55.49
2019;02;09;11;00;30.89;0.00;7.52;73.30
2019;02;09;12;00;32.53;0.00;7.24;84.29
2019;02;09;13;00;33.16;0.00;7.99;97.77
2019;02;09;14;00;32.36;0.00;7.86;105.95
2019;02;09;15;00;33.37;0.00;7.90;120.07
2019;02;09;16;00;31.67;0.20;9.00;126.87
2019;02;09;17;00;27.92;1.00;10.04;104.53
2019;02;09;18;00;26.89;0.00;6.49;109.44
2019;02;09;19;00;26.37;0.00;6.73;105.52
2019;02;09;20;00;25.79;0.00;6.57;99.46
2019;02;09;21;00;25.32;0.00;5.77;93.58
2019;02;09;22;00;24.85;0.00;5.04;90.00
2019;02;09;23;00;24.67;0.00;3.76;73.30
2019;02;10;00;00;24.90;0.10;3.40;57.99
2019;02;10;01;00;24.88;0.00;3.40;32.01
2019;02;10;02;00;24.57;0.00;4.38;9.46
2019;02;10;03;00;24.39;0.00;5.05;355.91
2019;02;10;04;00;24.32;0.00;5.51;348.69
2019;02;10;05;00;24.22;0.00;6.73;344.48
2019;02;10;06;00;24.09;0.00;7.17;342.47
2019;02;10;07;00;24.51;0.00;8.05;349.70
2019;02;10;08;00;25.12;0.00;10.14;6.12
2019;02;10;09;00;26.31;0.00;11.09;13.13
2019;02;10;10;00;28.78;0.00;11.17;20.77
2019;02;10;11;00;30.29;0.00;12.54;39.17
2019;02;10;12;00;31.25;0.00;14.28;56.31
2019;02;10;13;00;31.76;0.00;14.71;68.46
2019;02;10;14;00;32.13;0.00;14.84;75.96
2019;02;10;15;00;31.95;0.00;15.82;78.18
2019;02;10;16;00;30.49;0.00;15.99;82.23
2019;02;10;17;00;31.26;0.00;20.89;91.97
2019;02;10;18;00;28.78;0.00;18.39;93.37
2019;02;10;19;00;27.48;0.00;14.78;92.79
2019;02;10;20;00;26.50;0.00;10.80;90.00
2019;02;10;21;00;25.56;0.00;7.42;75.96
2019;02;10;22;00;25.00;0.00;6.41;51.84
2019;02;10;23;00;24.51;0.00;6.99;34.51
2019;02;11;00;00;23.99;0.00;8.23;23.20
2019;02;11;01;00;24.50;0.00;8.77;19.18
2019;02;11;02;00;24.86;0.00;10.48;15.95
2019;02;11;03;00;24.88;0.00;12.52;18.43
2019;02;11;04;00;24.92;0.00;15.18;22.31
2019;02;11;05;00;24.42;0.00;13.21;17.45
2019;02;11;06;00;23.77;0.00;12.07;10.30
2019;02;11;07;00;24.55;0.00;15.11;12.38
2019;02;11;08;00;26.62;0.00;20.00;23.33
2019;02;11;09;00;28.24;0.00;22.73;29.41
2019;02;11;10;00;28.21;0.00;23.40;30.51
2019;02;11;11;00;30.36;0.00;23.36;33.69
2019;02;11;12;00;30.93;0.00;23.47;41.27
2019;02;11;13;00;31.56;0.00;23.84;51.75
2019;02;11;14;00;32.63;0.00;24.88;58.61
2019;02;11;15;00;33.05;0.00;26.26;61.33
2019;02;11;16;00;32.78;0.00;27.75;67.09
2019;02;11;17;00;31.58;0.00;27.70;81.03
2019;02;11;18;00;29.32;0.00;23.02;80.10
2019;02;11;19;00;27.98;0.00;19.83;74.20
2019;02;11;20;00;27.23;0.00;19.16;64.40
2019;02;11;21;00;26.65;0.00;18.78;57.53
2019;02;11;22;00;25.96;0.00;17.21;52.65
2019;02;11;23;00;25.31;0.00;16.04;45.91
2019;02;12;00;00;24.77;0.00;15.63;38.45
2019;02;12;01;00;24.22;0.00;15.50;30.74
2019;02;12;02;00;23.62;0.00;14.84;22.83
2019;02;12;03;00;23.05;0.00;14.06;13.32
2019;02;12;04;00;22.52;0.00;14.11;5.86
2019;02;12;05;00;22.12;0.00;14.44;4.29
2019;02;12;06;00;21.79;0.00;14.80;4.18
2019;02;12;07;00;23.41;0.00;18.94;8.75
2019;02;12;08;00;25.83;0.00;24.14;20.06
2019;02;12;09;00;28.06;0.00;25.94;29.05
2019;02;12;10;00;30.16;0.00;27.44;38.07
2019;02;12;11;00;31.93;0.00;28.82;48.54
2019;02;12;12;00;33.28;0.00;29.56;55.92
2019;02;12;13;00;34.17;0.00;30.43;62.53
2019;02;12;14;00;34.29;0.00;31.02;68.20
2019;02;12;15;00;33.89;0.00;31.99;70.95
2019;02;12;16;00;33.17;0.00;31.43;69.90
2019;02;12;17;00;32.12;0.00;29.72;73.10
2019;02;12;18;00;29.73;0.00;25.17;73.38
2019;02;12;19;00;28.34;0.00;22.46;68.37
2019;02;12;20;00;27.59;0.00;22.55;61.39
2019;02;12;21;00;26.83;0.00;21.97;55.01
2019;02;12;22;00;26.10;0.00;20.15;48.62
2019;02;12;23;00;25.53;0.00;18.60;42.65
2019;02;13;00;00;24.99;0.00;17.58;34.99
2019;02;13;01;00;24.41;0.00;17.55;25.51
2019;02;13;02;00;23.82;0.00;17.53;19.18
2019;02;13;03;00;23.22;0.00;16.95;12.26
2019;02;13;04;00;22.66;0.00;16.70;7.43
2019;02;13;05;00;22.18;0.00;16.26;5.08
2019;02;13;06;00;21.79;0.00;15.88;3.90
2019;02;13;07;00;23.61;0.00;19.60;7.39
2019;02;13;08;00;26.31;0.00;24.14;17.35
2019;02;13;09;00;28.69;0.00;27.05;26.91
2019;02;13;10;00;30.83;0.00;28.17;35.11
2019;02;13;11;00;32.55;0.00;29.04;42.99
2019;02;13;12;00;33.81;0.00;29.36;49.47
2019;02;13;13;00;34.60;0.00;29.67;54.38
2019;02;13;14;00;34.86;0.00;29.39;59.04
2019;02;13;15;00;34.65;0.00;29.47;64.69
2019;02;13;16;00;33.83;0.00;28.82;69.53
2019;02;13;17;00;32.52;0.00;28.24;70.64
2019;02;13;18;00;30.05;0.00;23.11;71.85
2019;02;13;19;00;28.54;0.00;19.67;66.25
2019;02;13;20;00;27.50;0.00;18.22;60.40
2019;02;13;21;00;26.58;0.00;17.67;56.63
2019;02;13;22;00;25.73;0.00;14.90;52.85
2019;02;13;23;00;24.89;0.00;12.23;47.39
2019;02;14;00;00;24.14;0.00;10.80;36.87
2019;02;14;01;00;23.59;0.00;10.14;27.47
2019;02;14;02;00;23.11;0.00;10.03;21.04
2019;02;14;03;00;22.62;0.00;10.04;14.53
2019;02;14;04;00;22.20;0.00;10.54;7.85
2019;02;14;05;00;21.90;0.00;10.80;360.00
2019;02;14;06;00;21.66;0.00;11.17;358.15
2019;02;14;07;00;23.65;0.00;14.76;360.00
2019;02;14;08;00;26.40;0.00;20.00;13.54
2019;02;14;09;00;28.67;0.00;21.42;24.84
2019;02;14;10;00;30.69;0.00;21.25;38.81
2019;02;14;11;00;32.28;0.00;20.90;47.79
2019;02;14;12;00;33.60;0.00;21.10;53.33
2019;02;14;13;00;34.17;0.00;21.49;58.71
2019;02;14;14;00;33.22;0.00;22.06;63.85
2019;02;14;15;00;33.99;0.00;23.21;66.22
2019;02;14;16;00;33.06;0.00;22.46;68.37
2019;02;14;17;00;31.27;0.00;22.82;83.66
2019;02;14;18;00;28.96;0.00;19.47;86.82
2019;02;14;19;00;27.64;0.00;16.58;87.51
2019;02;14;20;00;26.96;0.00;14.83;84.43
2019;02;14;21;00;26.49;0.00;12.66;75.17
2019;02;14;22;00;26.04;0.00;10.32;60.75
2019;02;14;23;00;25.57;0.00;8.91;46.64
2019;02;15;00;00;25.05;0.00;8.21;37.87
2019;02;15;01;00;24.53;0.00;7.73;27.76
2019;02;15;02;00;25.32;0.00;8.85;26.57
2019;02;15;03;00;25.30;0.00;10.00;30.26
2019;02;15;04;00;25.21;0.00;11.30;30.65
2019;02;15;05;00;25.09;0.00;12.90;30.14
2019;02;15;06;00;24.99;0.00;13.36;27.26
2019;02;15;07;00;25.49;0.00;14.33;25.28
2019;02;15;08;00;26.38;0.00;14.97;27.18
2019;02;15;09;00;28.58;0.00;15.58;33.69
2019;02;15;10;00;30.39;0.00;16.04;45.91
2019;02;15;11;00;31.98;0.00;16.70;52.88
2019;02;15;12;00;33.14;0.00;17.29;58.63
2019;02;15;13;00;33.88;0.00;17.71;63.43
2019;02;15;14;00;34.18;0.00;17.53;70.82
2019;02;15;15;00;32.83;0.00;18.51;76.50
2019;02;15;16;00;32.94;0.00;18.89;82.33
2019;02;15;17;00;31.38;0.00;20.17;92.05
2019;02;15;18;00;29.18;0.00;17.34;94.76
2019;02;15;19;00;27.89;0.00;14.11;95.86
2019;02;15;20;00;27.03;0.00;11.25;97.35
2019;02;15;21;00;26.40;0.00;7.28;98.53
2019;02;15;22;00;26.00;0.00;3.96;90.00
2019;02;15;23;00;25.79;0.00;2.81;50.19
2019;02;16;00;00;25.47;0.00;3.60;360.00
2019;02;16;01;00;25.22;0.00;4.74;351.25
2019;02;16;02;00;25.70;0.00;5.45;7.59
2019;02;16;03;00;25.74;0.00;6.29;13.24
2019;02;16;04;00;25.75;0.00;6.83;18.43
2019;02;16;05;00;25.77;0.00;8.09;20.85
2019;02;16;06;00;24.85;0.00;8.09;20.85
2019;02;16;07;00;26.24;0.00;9.79;17.10
2019;02;16;08;00;27.91;0.00;10.59;17.82
2019;02;16;09;00;29.94;0.00;9.83;28.44
2019;02;16;10;00;31.83;0.00;9.96;49.40
2019;02;16;11;00;33.38;0.00;10.64;66.04
2019;02;16;12;00;34.51;0.00;11.09;76.87
2019;02;16;13;00;35.21;0.00;11.17;88.15
2019;02;16;14;00;35.50;0.00;11.25;97.35
2019;02;16;15;00;35.40;0.00;12.18;108.97
2019;02;16;16;00;34.81;0.00;14.17;117.22
2019;02;16;17;00;33.50;0.00;13.39;126.25
2019;02;16;18;00;31.52;0.00;15.99;125.84
2019;02;16;19;00;29.36;0.00;16.83;131.53
2019;02;16;20;00;27.65;0.00;14.98;144.78
2019;02;16;21;00;26.71;0.00;12.72;154.89
2019;02;16;22;00;26.11;0.00;9.90;160.91
2019;02;16;23;00;25.60;0.00;7.42;165.96
2019;02;17;00;00;25.01;0.00;4.38;170.54
2019;02;17;01;00;24.68;0.00;3.60;180.00
2019;02;17;02;00;24.48;0.00;2.97;194.04
2019;02;17;03;00;24.58;0.00;2.62;195.95
2019;02;17;04;00;24.54;0.00;1.80;180.00
2019;02;17;05;00;24.55;0.00;0.72;180.00
2019;02;17;06;00;24.59;0.00;0.80;116.57
2019;02;17;07;00;25.11;0.00;0.51;135.00
2019;02;17;08;00;27.04;0.00;1.30;33.69
2019;02;17;09;00;29.95;0.00;3.55;23.96
2019;02;17;10;00;31.96;0.00;3.08;20.56
2019;02;17;11;00;33.75;0.00;1.14;18.43
2019;02;17;12;00;35.07;0.00;0.00;180.00
2019;02;17;13;00;35.95;0.00;0.72;180.00
2019;02;17;14;00;36.34;0.00;2.62;164.05
2019;02;17;15;00;36.32;0.00;5.69;161.57
2019;02;17;16;00;35.76;0.00;8.37;154.54
2019;02;17;17;00;33.65;0.00;7.64;171.87
2019;02;17;18;00;32.15;0.00;5.69;161.57
2019;02;17;19;00;31.18;0.00;7.59;148.57
2019;02;17;20;00;29.95;0.00;6.92;152.10
2019;02;17;21;00;28.98;0.00;5.51;168.69
2019;02;17;22;00;28.30;0.00;3.98;174.81
2019;02;17;23;00;27.55;0.00;3.26;173.66
2019;02;18;00;00;26.80;0.00;2.55;171.87
2019;02;18;01;00;26.12;0.00;1.80;180.00
2019;02;18;02;00;25.75;0.00;1.48;255.96
2019;02;18;03;00;25.11;0.00;2.62;285.95
2019;02;18;04;00;24.61;0.00;4.02;296.57
2019;02;18;05;00;24.14;0.00;5.12;309.29
2019;02;18;06;00;23.67;0.00;5.86;317.49
2019;02;18;07;00;25.42;0.00;5.69;325.30
2019;02;18;08;00;29.21;0.00;10.01;322.31
2019;02;18;09;00;31.85;0.00;10.38;326.31
2019;02;18;10;00;33.84;0.00;8.29;325.62
2019;02;18;11;00;35.03;0.00;4.90;342.90
2019;02;18;12;00;36.18;0.00;2.90;7.13
2019;02;18;13;00;36.90;0.00;3.60;53.13
2019;02;18;14;00;37.24;0.00;5.45;82.41
2019;02;18;15;00;37.25;0.00;9.73;92.12
2019;02;18;16;00;36.57;0.00;15.28;105.02
2019;02;18;17;00;34.82;0.00;20.99;120.96
2019;02;18;18;00;32.26;0.00;21.44;130.91
2019;02;18;19;00;30.57;0.00;18.84;136.55
2019;02;18;20;00;29.23;0.00;16.36;140.36
2019;02;18;21;00;28.20;0.00;13.61;142.52
2019;02;18;22;00;27.39;0.00;10.23;140.71
2019;02;18;23;00;26.56;0.00;6.64;139.40
2019;02;19;00;00;26.00;0.00;4.58;135.00
2019;02;19;01;00;25.56;0.00;2.81;129.81
2019;02;19;02;00;25.17;0.00;0.51;135.00
2019;02;19;03;00;24.89;0.00;1.61;333.43
2019;02;19;04;00;24.57;0.00;3.55;336.04
2019;02;19;05;00;24.28;0.00;5.09;351.87
2019;02;19;06;00;23.98;0.00;5.40;360.00
2019;02;19;07;00;25.72;0.00;5.05;4.09
2019;02;19;08;00;27.89;0.00;5.24;15.95
2019;02;19;09;00;30.11;0.00;4.68;22.62
2019;02;19;10;00;32.17;0.00;5.51;78.69
2019;02;19;11;00;33.91;0.00;8.71;82.87
2019;02;19;12;00;35.18;0.00;12.65;85.10
2019;02;19;13;00;35.70;0.00;15.52;86.01
2019;02;19;14;00;35.67;0.00;17.65;87.66
2019;02;19;15;00;35.21;0.00;18.36;90.00
2019;02;19;16;00;34.30;0.00;19.44;91.06
2019;02;19;17;00;32.46;0.00;14.40;91.43
2019;02;19;18;00;30.62;0.00;13.70;93.01
2019;02;19;19;00;29.00;0.00;13.20;101.00
2019;02;19;20;00;27.61;0.00;10.93;107.24
2019;02;19;21;00;26.44;0.00;7.63;109.29
2019;02;19;22;00;25.81;0.00;6.03;107.35
2019;02;19;23;00;25.41;0.00;5.05;94.09
2019;02;20;00;00;25.03;0.00;5.24;74.05
2019;02;20;01;00;25.41;0.00;6.61;60.64
2019;02;20;02;00;24.61;0.00;7.99;54.16
2019;02;20;03;00;24.05;0.00;7.65;41.19
2019;02;20;04;00;23.69;0.00;7.57;25.35
2019;02;20;05;00;23.23;0.00;7.86;15.95
2019;02;20;06;00;24.52;0.00;6.84;360.00
2019;02;20;07;00;26.57;0.00;11.75;40.03
2019;02;20;08;00;28.40;0.00;15.78;55.22
2019;02;20;09;00;30.22;0.00;18.78;57.53
2019;02;20;10;00;31.88;0.00;22.23;65.10
2019;02;20;11;00;33.07;0.00;25.52;73.61
2019;02;20;12;00;33.63;0.00;28.00;81.87
2019;02;20;13;00;33.66;0.00;29.60;85.82
2019;02;20;14;00;33.75;0.00;30.02;84.49
2019;02;20;15;00;33.56;0.00;30.06;83.81
2019;02;20;16;00;32.98;0.00;29.07;82.17
2019;02;20;17;00;31.72;0.00;25.81;81.98
2019;02;20;18;00;29.37;0.00;20.06;80.71
2019;02;20;19;00;27.86;0.00;16.24;77.20
2019;02;20;20;00;26.95;0.00;13.71;66.80
2019;02;20;21;00;26.17;0.00;12.39;54.46
2019;02;20;22;00;25.34;0.00;11.20;45.00
2019;02;20;23;00;24.57;0.00;10.30;36.47
2019;02;23;00;00;21.62;0.00;9.89;33.11
2019;02;23;01;00;20.97;0.00;9.11;18.43
2019;02;23;02;00;20.29;0.00;9.39;4.40
2019;02;23;03;00;19.83;0.00;8.65;357.61
2019;02;23;04;00;19.34;0.00;9.83;351.57
2019;02;23;05;00;19.69;0.00;11.01;348.69
2019;02;23;06;00;20.86;0.00;10.24;349.88
2019;02;23;07;00;22.13;0.00;11.53;1.79
2019;02;23;08;00;24.87;0.00;18.19;27.07
2019;02;23;09;00;27.00;0.00;20.38;35.66
2019;02;23;10;00;29.15;0.00;20.88;43.60
2019;02;23;11;00;31.21;0.00;20.75;51.34
2019;02;23;12;00;32.84;0.00;21.47;55.24
2019;02;23;13;00;34.18;0.00;22.10;59.68
2019;02;23;14;00;34.89;0.00;23.69;65.77
2019;02;23;15;00;34.82;0.00;24.93;72.35
2019;02;23;16;00;33.57;0.00;24.74;81.63
2019;02;23;17;00;31.13;0.00;25.22;87.55
2019;02;23;18;00;28.56;0.00;20.88;89.01
2019;02;23;19;00;26.63;0.00;16.56;90.00
2019;02;23;20;00;25.28;0.00;11.88;90.00
2019;02;23;21;00;24.20;0.00;8.71;82.87
2019;02;23;22;00;23.81;0.00;7.57;64.65
2019;02;23;23;00;23.18;0.00;7.15;40.91
2019;02;24;00;00;22.59;0.00;7.17;17.53
2019;02;24;01;00;21.87;0.00;7.57;357.27
2019;02;24;02;00;21.44;0.00;7.75;338.20
2019;02;24;03;00;22.20;0.00;8.37;334.54
2019;02;24;04;00;22.37;0.00;7.52;343.30
2019;02;24;05;00;21.05;0.00;8.05;349.70
2019;02;24;06;00;21.66;0.00;9.75;355.76
2019;02;24;07;00;23.30;0.00;12.24;360.00
2019;02;24;08;00;25.05;0.00;13.72;4.51
2019;02;24;09;00;26.88;0.00;13.36;4.64
2019;02;24;10;00;29.06;0.00;12.07;10.30
2019;02;24;11;00;31.48;0.00;11.17;20.77
2019;02;24;12;00;33.70;0.00;11.81;37.57
2019;02;24;13;00;35.22;0.00;13.68;54.64
2019;02;24;14;00;35.80;0.00;15.14;64.65
2019;02;24;15;00;35.73;0.00;16.86;73.89
2019;02;24;16;00;34.67;0.00;19.45;87.88
2019;02;24;17;00;31.42;0.00;23.89;96.05
2019;02;24;18;00;28.68;0.00;19.88;95.19
2019;02;24;19;00;26.95;0.00;15.68;99.25
2019;02;24;20;00;25.51;0.00;9.78;96.34
2019;02;24;21;00;24.80;0.00;5.80;82.87
2019;02;24;22;00;24.52;0.00;4.35;24.44
2019;02;24;23;00;23.89;0.00;6.73;344.48
2019;02;25;00;00;23.46;0.00;8.23;336.80
2019;02;25;01;00;22.82;0.00;9.36;337.38
2019;02;25;02;00;22.25;0.00;9.66;333.43
2019;02;25;03;00;21.76;0.00;9.39;327.53
2019;02;25;04;00;22.88;0.00;10.32;330.75
2019;02;25;05;00;23.07;0.00;9.66;333.43
2019;02;25;06;00;23.09;0.00;9.98;334.36
2019;02;25;07;00;24.29;0.00;12.22;346.37
2019;02;25;08;00;25.36;0.00;11.89;358.26
2019;02;25;09;00;27.49;0.00;10.08;360.00
2019;02;25;10;00;29.65;0.00;7.42;14.04
2019;02;25;11;00;31.51;0.00;6.88;42.88
2019;02;25;12;00;33.45;0.00;7.41;60.95
2019;02;25;13;00;34.64;0.00;8.91;75.96
2019;02;25;14;00;35.42;0.00;11.17;88.15
2019;02;25;15;00;35.50;0.00;13.00;94.76
2019;02;25;16;00;34.92;0.00;15.75;100.54
2019;02;25;17;00;33.15;0.00;18.64;100.01
2019;02;25;18;00;30.27;0.00;15.38;106.31
2019;02;25;19;00;28.12;0.00;11.30;120.65
2019;02;25;20;00;26.55;0.00;8.21;142.13
2019;02;25;21;00;25.65;0.00;6.15;159.44
2019;02;25;22;00;25.21;0.00;4.74;171.25
2019;02;25;23;00;24.95;0.00;2.16;180.00
2019;02;26;00;00;24.52;0.00;1.48;284.04
2019;02;26;01;00;24.15;0.00;4.33;311.63
2019;02;26;02;00;23.82;0.00;6.64;310.60
2019;02;26;03;00;23.48;0.00;6.92;308.66
2019;02;26;04;00;24.15;0.00;6.92;308.66
2019;02;26;05;00;24.19;0.00;7.20;306.87
2019;02;26;06;00;23.26;0.00;6.70;306.25
2019;02;26;07;00;25.21;0.00;6.41;308.16
2019;02;26;08;00;28.09;0.00;9.36;360.00
2019;02;26;09;00;30.04;0.00;8.05;26.57
2019;02;26;10;00;31.84;0.00;7.70;52.59
2019;02;26;11;00;33.68;0.00;7.57;64.65
2019;02;26;12;00;35.06;0.00;8.05;79.70
2019;02;26;13;00;35.96;0.00;8.29;87.51
2019;02;26;14;00;36.54;0.00;10.11;94.09
2019;02;26;15;00;36.75;0.00;12.78;99.73
2019;02;26;16;00;35.96;0.00;18.56;108.08
2019;02;26;17;00;32.44;0.00;25.99;143.45
2019;02;26;18;00;30.08;0.00;22.90;143.31
2019;02;26;19;00;28.17;0.00;20.87;147.68
2019;02;26;20;00;27.20;0.00;16.61;150.10
2019;02;26;21;00;26.61;0.00;11.30;149.35
2019;02;26;22;00;25.88;0.00;5.32;151.70
2019;02;26;23;00;25.65;0.00;1.94;158.20
2019;02;27;00;00;25.35;0.00;1.80;323.13
2019;02;27;01;00;25.13;0.00;5.19;326.31
2019;02;27;02;00;24.73;0.00;6.19;324.46
2019;02;27;03;00;24.27;0.00;6.99;325.49
2019;02;27;04;00;23.84;0.00;6.99;325.49
2019;02;27;05;00;23.41;0.00;6.70;323.75
2019;02;27;06;00;23.09;0.00;6.41;321.84
2019;02;27;07;00;25.13;0.00;5.90;322.43
2019;02;27;08;00;28.77;0.00;11.59;323.84
2019;02;27;09;00;31.30;0.00;9.79;323.97
2019;02;27;10;00;33.26;0.00;4.61;321.34
2019;02;27;11;00;35.04;0.00;1.08;270.00
2019;02;27;12;00;36.37;0.00;1.84;168.69
2019;02;27;13;00;37.47;0.00;4.20;149.04
2019;02;27;14;00;38.09;0.00;7.13;135.00
2019;02;27;15;00;38.09;0.00;11.18;123.18
2019;02;27;16;00;37.44;0.00;13.89;121.22
2019;02;27;17;00;33.44;0.00;23.69;136.85
2019;02;27;18;00;31.81;0.00;18.36;131.82
2019;02;27;19;00;30.59;0.00;12.40;115.82
2019;02;27;20;00;29.45;0.00;6.88;96.01
2019;02;27;21;00;28.80;0.00;3.60;53.13
2019;02;27;22;00;28.17;0.00;4.69;4.40
2019;02;27;23;00;27.59;0.00;6.21;349.99
2019;02;28;00;00;26.90;0.00;7.29;339.78
2019;02;28;01;00;26.20;0.00;8.29;325.62
2019;02;28;02;00;25.48;0.00;9.16;315.00
2019;02;28;03;00;24.59;0.00;8.94;310.10
2019;02;28;04;00;23.94;0.00;8.71;308.29
2019;02;28;05;00;23.43;0.00;8.65;315.00
2019;02;28;06;00;23.16;0.00;7.93;320.53
2019;02;28;07;00;25.80;0.00;9.02;331.39
2019;02;28;08;00;28.98;0.00;13.24;337.62
2019;02;28;09;00;31.43;0.00;12.86;342.07
2019;02;28;10;00;33.39;0.00;11.25;352.65
2019;02;28;11;00;34.86;0.00;7.93;2.60
2019;02;28;12;00;36.26;0.00;5.69;18.43
2019;02;28;13;00;37.19;0.00;5.12;39.29
2019;02;28;14;00;37.56;0.00;5.48;66.80
2019;02;28;15;00;37.49;0.00;9.03;94.57
2019;02;28;16;00;36.77;0.00;15.18;112.31
2019;02;28;17;00;34.11;0.20;15.70;126.61
2019;02;28;18;00;32.15;0.10;14.98;125.22
2019;02;28;19;00;30.30;0.00;12.29;121.83
2019;02;28;20;00;29.22;0.00;8.89;121.76
2019;02;28;21;00;28.72;0.00;5.32;118.30
2019;02;28;22;00;28.42;0.00;1.48;104.04
2019;02;28;23;00;27.67;0.00;3.22;333.43
2019;03;01;00;00;26.63;0.00;6.30;329.04
2019;03;01;01;00;25.80;0.00;6.92;332.10
2019;03;01;02;00;25.17;0.00;6.95;338.75
2019;03;01;03;00;24.67;0.00;6.73;344.48
2019;03;01;04;00;24.26;0.00;6.92;351.03
2019;03;01;05;00;23.90;0.00;6.52;353.66
2019;03;01;06;00;23.82;0.00;6.48;360.00
2019;03;01;07;00;26.23;0.00;8.22;28.81
2019;03;01;08;00;27.10;0.00;10.23;50.71
2019;03;01;09;00;29.86;0.00;9.69;58.67
2019;03;01;10;00;32.25;0.00;10.16;67.07
2019;03;01;11;00;34.00;0.00;11.84;70.46
2019;03;01;12;00;35.29;0.00;13.63;77.80
2019;03;01;13;00;36.05;0.00;15.58;83.37
2019;03;01;14;00;36.18;0.00;18.36;90.00
2019;03;01;15;00;35.59;0.00;20.67;97.00
2019;03;01;16;00;34.27;0.00;22.45;102.03
2019;03;01;17;00;33.16;0.00;22.08;114.06
2019;03;01;18;00;30.72;0.00;19.02;119.48
2019;03;01;19;00;29.20;0.00;15.41;127.41
2019;03;01;20;00;28.17;0.00;11.46;133.73
2019;03;01;21;00;27.37;0.00;6.62;135.00
2019;03;01;22;00;26.80;0.00;3.60;126.87
2019;03;01;23;00;26.49;0.00;2.52;90.00
2019;03;02;00;00;26.10;0.00;4.33;48.37
2019;03;02;01;00;26.42;0.00;7.15;49.09
2019;03;02;02;00;26.27;0.10;10.51;51.95
2019;03;02;03;00;25.36;0.00;9.16;45.00
2019;03;02;04;00;24.59;0.00;8.67;41.63
2019;03;02;05;00;23.94;0.00;8.67;41.63
2019;03;02;06;00;23.50;0.00;8.50;36.38
2019;03;02;07;00;25.98;0.00;13.48;34.11
2019;03;02;08;00;28.20;0.00;17.37;34.02
2019;03;02;09;00;30.32;0.00;19.41;40.49
2019;03;02;10;00;32.22;0.00;20.15;48.62
2019;03;02;11;00;33.79;0.00;20.47;55.75
2019;03;02;12;00;35.04;0.00;20.93;63.43
2019;03;02;13;00;35.75;0.00;21.41;70.35
2019;03;02;14;00;35.78;0.00;21.67;78.50
2019;03;02;15;00;35.26;0.00;21.71;84.29
2019;03;02;16;00;34.49;0.00;21.61;88.09
2019;03;02;17;00;32.57;0.00;23.11;94.47
2019;03;02;18;00;30.22;0.00;19.52;95.29
2019;03;02;19;00;28.54;0.00;14.47;95.71
2019;03;02;20;00;27.21;0.00;8.65;92.39
2019;03;02;21;00;26.72;0.00;5.86;79.38
2019;03;02;22;00;26.22;0.00;5.60;45.00
2019;03;02;23;00;25.80;0.00;6.44;26.57
2019;03;03;00;00;25.39;0.00;7.07;14.74
2019;03;03;01;00;24.92;0.00;7.28;8.53
2019;03;03;02;00;24.43;0.00;7.21;357.14
2019;03;03;03;00;23.94;0.00;7.42;345.96
2019;03;03;04;00;23.46;0.00;7.52;343.30
2019;03;03;05;00;23.26;0.00;7.64;351.87
2019;03;03;06;00;22.68;0.00;8.28;360.00
2019;03;03;07;00;25.46;0.00;12.32;6.71
2019;03;03;08;00;27.08;0.00;13.20;11.00
2019;03;03;09;00;29.54;0.00;13.85;24.57
2019;03;03;10;00;31.90;0.00;14.62;38.00
2019;03;03;11;00;33.76;0.00;15.28;43.09
2019;03;03;12;00;35.18;0.00;15.53;45.94
2019;03;03;13;00;36.21;0.00;15.55;47.82
2019;03;03;14;00;36.77;0.00;14.90;52.85
2019;03;03;15;00;36.94;0.00;15.14;61.61
2019;03;03;16;00;36.35;0.00;18.42;85.52
2019;03;03;17;00;32.83;0.00;25.15;103.24
2019;03;03;18;00;30.18;0.00;21.19;110.90
2019;03;03;19;00;28.92;0.00;17.21;127.35
2019;03;03;20;00;27.91;0.00;13.04;140.60
2019;03;03;21;00;27.09;0.00;8.85;153.43
2019;03;03;22;00;26.22;0.00;5.24;164.05
2019;03;03;23;00;25.86;0.00;3.76;163.30
2019;03;04;00;00;25.60;0.00;0.36;90.00
2019;03;04;01;00;25.34;0.00;1.84;348.69
2019;03;04;02;00;24.91;0.00;3.55;336.04
2019;03;04;03;00;24.62;0.00;4.39;325.01
2019;03;04;04;00;24.22;0.00;5.40;323.13
2019;03;04;05;00;23.84;0.00;5.86;317.49
2019;03;04;06;00;23.40;0.00;6.62;315.00
2019;03;04;07;00;25.41;0.00;6.11;315.00
2019;03;04;08;00;28.26;0.00;8.76;9.46
2019;03;04;09;00;30.56;0.00;9.20;30.58
2019;03;04;10;00;32.50;0.00;8.91;43.36
2019;03;04;11;00;34.26;0.00;8.79;55.01
2019;03;04;12;00;35.64;0.00;9.03;66.50
2019;03;04;13;00;36.77;0.00;10.74;76.43
2019;03;04;14;00;37.31;0.00;12.02;81.38
2019;03;04;15;00;37.29;0.00;14.04;90.00
2019;03;04;16;00;36.41;0.00;19.14;106.39
2019;03;04;17;00;33.04;0.00;22.73;130.50
2019;03;04;18;00;30.26;0.00;20.01;149.74
2019;03;04;19;00;28.64;0.00;17.11;165.38
2019;03;04;20;00;27.56;0.00;14.56;171.47
2019;03;04;21;00;26.78;0.00;11.61;172.87
2019;03;04;22;00;26.15;0.00;8.28;180.00
2019;03;04;23;00;25.53;0.00;5.76;180.00
2019;03;05;00;00;25.12;0.00;4.33;184.76
2019;03;05;01;00;24.60;0.00;4.02;190.30
2019;03;05;02;00;24.25;0.00;3.88;201.80
2019;03;05;03;00;24.03;0.00;3.60;216.87
2019;03;05;04;00;23.77;0.00;3.10;234.46
2019;03;05;05;00;23.39;0.00;2.74;246.80
2019;03;05;06;00;23.06;0.00;2.62;254.05
2019;03;05;07;00;24.84;0.00;1.94;248.20
2019;03;05;08;00;29.17;0.00;3.60;270.00
2019;03;05;09;00;31.71;0.00;3.24;270.00
2019;03;05;10;00;34.11;0.00;1.08;270.00
2019;03;05;11;00;36.05;0.00;1.80;143.13
2019;03;05;12;00;37.59;0.00;3.40;122.01
2019;03;05;13;00;38.54;0.00;6.29;113.63
2019;03;05;14;00;39.07;0.00;9.50;114.62
2019;03;05;15;00;38.89;0.00;14.19;125.71
2019;03;05;16;00;37.64;0.00;20.81;142.73
2019;03;05;17;00;35.20;0.00;23.99;152.28
2019;03;05;18;00;32.76;0.00;21.53;159.44
2019;03;05;19;00;31.32;0.00;15.19;174.56
2019;03;05;20;00;30.31;0.00;9.69;221.99
2019;03;05;21;00;29.18;0.00;7.77;256.61
2019;03;05;22;00;28.43;0.00;6.76;244.80
2019;03;05;23;00;27.52;0.00;5.86;227.49
2019;03;06;00;00;26.68;0.00;5.62;230.19
2019;03;06;01;00;25.94;0.00;5.82;248.20
2019;03;06;02;00;25.21;0.00;6.49;266.82
2019;03;06;03;00;24.41;0.00;7.24;275.71
2019;03;06;04;00;23.57;0.00;7.64;278.13
2019;03;06;05;00;22.99;0.00;7.77;283.39
2019;03;06;06;00;22.67;0.00;7.77;283.39
2019;03;06;07;00;25.60;0.00;6.83;288.43
2019;03;06;08;00;30.16;0.00;9.79;287.10
2019;03;06;09;00;33.09;0.00;8.56;292.25
2019;03;06;10;00;35.44;0.00;6.95;291.25
2019;03;06;11;00;37.41;0.00;3.67;281.31
2019;03;06;12;00;38.85;0.00;1.08;270.00
2019;03;06;13;00;39.75;0.00;1.14;108.43
2019;03;06;14;00;40.11;0.00;5.94;104.04
2019;03;06;15;00;40.00;0.00;12.98;109.44
2019;03;06;16;00;38.87;0.00;19.34;118.95
2019;03;06;17;00;37.68;0.00;12.18;108.97
2019;03;06;18;00;35.06;0.00;7.09;113.96
2019;03;06;19;00;33.20;0.00;2.97;104.04
2019;03;06;20;00;31.86;0.00;0.36;360.00
2019;03;06;21;00;30.75;0.00;1.48;284.04
2019;03;06;22;00;29.71;0.00;2.16;270.00
2019;03;06;23;00;28.91;0.00;1.84;258.69
2019;03;07;00;00;27.95;0.00;2.28;251.57
2019;03;07;01;00;26.98;0.00;2.97;255.96
2019;03;07;02;00;25.99;0.00;3.62;264.29
2019;03;07;03;00;25.17;0.00;4.32;270.00
2019;03;07;04;00;24.53;0.00;5.09;278.13
2019;03;07;05;00;24.05;0.00;5.59;284.93
2019;03;07;06;00;23.71;0.00;6.15;290.56
2019;03;07;07;00;26.19;0.00;5.32;298.30
2019;03;07;08;00;29.96;0.00;9.16;315.00
2019;03;07;09;00;32.65;0.00;5.69;325.30
2019;03;07;10;00;35.07;0.00;2.10;30.96
2019;03;07;11;00;37.28;0.00;4.33;94.76
2019;03;07;12;00;38.77;0.00;7.63;109.29
2019;03;07;13;00;39.79;0.00;11.28;106.70
2019;03;07;14;00;40.14;0.00;15.14;108.00
2019;03;07;15;00;39.90;0.00;19.08;121.89
2019;03;07;16;00;38.21;0.00;24.85;141.47
2019;03;07;17;00;35.29;0.00;26.81;157.91
2019;03;07;18;00;32.62;0.00;23.11;161.85
2019;03;07;19;00;30.93;0.00;17.81;165.96
2019;03;07;20;00;29.88;0.00;12.60;180.00
2019;03;07;21;00;28.99;0.00;8.77;199.18
2019;03;07;22;00;28.33;0.00;6.62;202.38
2019;03;07;23;00;27.50;0.00;5.51;191.31
2019;03;08;00;00;26.67;0.00;5.51;191.31
2019;03;08;01;00;26.03;0.00;5.15;204.78
2019;03;08;02;00;25.73;0.00;4.61;231.34
2019;03;08;03;00;25.46;0.00;4.45;255.96
2019;03;08;04;00;25.10;0.00;3.96;270.00
2019;03;08;05;00;24.71;0.00;4.02;280.30
2019;03;08;06;00;24.40;0.00;3.76;286.70
2019;03;08;07;00;26.78;0.00;2.10;300.96
2019;03;08;08;00;30.50;0.00;3.10;305.54
2019;03;08;09;00;32.69;0.00;0.36;180.00
2019;03;08;10;00;34.84;0.00;7.24;153.43
2019;03;08;11;00;36.48;0.00;9.96;139.40
2019;03;08;12;00;37.30;0.00;13.04;140.60
2019;03;08;13;00;37.87;0.00;15.58;146.31
2019;03;08;14;00;37.75;0.00;17.29;148.63
2019;03;08;15;00;37.28;0.00;19.48;152.49
2019;03;08;16;00;36.41;0.00;21.60;156.43
2019;03;08;17;00;35.93;0.00;17.81;165.96
2019;03;08;18;00;33.64;0.00;17.31;176.42
2019;03;08;19;00;31.97;0.00;12.73;188.13
2019;03;08;20;00;30.55;0.00;8.21;217.87
2019;03;08;21;00;29.70;0.00;4.90;216.03
2019;03;08;22;00;28.81;0.00;4.90;197.10
2019;03;08;23;00;27.94;0.00;4.90;197.10
2019;03;09;00;00;27.13;0.00;4.68;202.62
2019;03;09;01;00;26.44;0.00;4.61;218.66
2019;03;09;02;00;25.89;0.00;4.39;235.01
2019;03;09;03;00;25.36;0.00;4.68;247.38
2019;03;09;04;00;24.93;0.00;5.09;261.87
2019;03;09;05;00;24.56;0.00;5.80;277.13
2019;03;09;06;00;24.26;0.00;6.62;292.38
2019;03;09;07;00;26.75;0.00;6.30;300.96
2019;03;09;08;00;30.58;0.00;14.58;302.91
2019;03;09;09;00;33.02;0.00;13.00;318.37
2019;03;09;10;00;35.05;0.00;6.38;343.61
2019;03;09;11;00;36.41;0.00;4.61;51.34
2019;03;09;12;00;37.61;0.00;7.28;81.47
2019;03;09;13;00;38.27;0.00;11.54;93.58
2019;03;09;14;00;38.32;0.00;16.17;101.56
2019;03;09;15;00;37.56;0.00;20.27;109.72
2019;03;09;16;00;36.07;0.00;21.75;118.69
2019;03;09;17;00;34.36;0.00;21.31;127.45
2019;03;09;18;00;32.14;0.00;19.62;132.77
2019;03;09;19;00;30.56;0.00;17.34;131.63
2019;03;09;20;00;29.19;0.00;14.80;131.05
2019;03;09;21;00;28.19;0.00;12.50;131.50
2019;03;09;22;00;27.34;0.00;9.45;130.36
2019;03;09;23;00;26.58;0.00;6.92;128.66
